Date,Open,High,Low,Close,Volume,Change,Delta,Change_Ratio,Delta_Ratio,Variance,momentum
2023-08-31,29.75,29.77,29.74,29.75,365885,0.0,0.03,0.0,0.1,0.02,-1
2023-08-30,29.75,29.78,29.74,29.75,431220,0.0,0.04,0.0,0.13,0.02,-1
2023-08-29,29.8,29.81,29.75,29.77,619635,-0.03,0.06,-0.1,0.2,0.03,-1
2023-08-28,29.75,29.81,29.75,29.8,203182,0.05,0.06,0.17,0.2,0.03,1
2023-08-25,29.76,29.8,29.74,29.74,231598,-0.02,0.06,-0.07,0.2,0.03,1
2023-08-24,29.74,29.76,29.73,29.73,252379,-0.01,0.03,-0.03,0.1,0.02,1
2023-08-23,29.7,29.73,29.7,29.72,274463,0.02,0.03,0.07,0.1,0.02,1
2023-08-22,29.71,29.73,29.69,29.71,321882,0.0,0.04,0.0,0.13,0.02,-1
2023-08-21,29.73,29.74,29.7,29.72,289588,-0.01,0.04,-0.03,0.12,0.02,1
2023-08-18,29.68,29.72,29.68,29.71,243490,0.03,0.04,0.1,0.13,0.02,1
2023-08-17,29.73,29.73,29.7,29.7,272008,-0.03,0.03,-0.1,0.1,0.02,1
2023-08-16,29.72,29.75,29.68,29.68,208846,-0.04,0.07,-0.13,0.24,0.04,-1
2023-08-15,29.72,29.74,29.7,29.7,107213,-0.02,0.04,-0.07,0.13,0.02,-1
2023-08-14,29.67,29.71,29.67,29.7,340356,0.03,0.04,0.1,0.13,0.02,1
2023-08-11,29.67,29.72,29.67,29.69,268760,0.02,0.05,0.07,0.17,0.02,1
2023-08-10,29.7,29.76,29.68,29.68,345554,-0.02,0.08,-0.07,0.28,0.04,1
2023-08-09,29.68,29.74,29.63,29.64,319178,-0.04,0.11,-0.13,0.37,0.05,-1
2023-08-08,29.68,29.75,29.33,29.68,226665,0.0,0.42,0.0,1.42,0.21,-1
2023-08-07,29.73,29.76,29.73,29.75,161857,0.02,0.03,0.07,0.1,0.02,1
2023-08-04,29.74,29.75,29.73,29.73,171688,-0.01,0.02,-0.03,0.07,0.01,-1
2023-08-03,29.76,29.76,29.7,29.75,355152,-0.01,0.06,-0.03,0.2,0.03,1
2023-08-02,29.72,29.72,29.7,29.7,331556,-0.02,0.02,-0.07,0.07,0.01,-1
2023-08-01,29.72,29.77,29.7,29.72,246728,0.0,0.07,0.0,0.24,0.04,1
2023-07-31,29.71,29.72,29.7,29.7,88446,-0.01,0.02,-0.03,0.07,0.01,-1
2023-07-28,29.76,29.76,29.7,29.7,302371,-0.06,0.06,-0.2,0.2,0.03,-1
2023-07-27,29.72,29.75,29.69,29.74,181693,0.02,0.06,0.07,0.2,0.03,1
2023-07-26,29.71,29.82,29.64,29.7,355044,-0.01,0.18,-0.03,0.59,0.09,-1
2023-07-25,29.75,29.75,29.65,29.73,139471,-0.02,0.1,-0.07,0.34,0.05,-1
2023-07-24,29.71,29.74,29.7,29.74,144850,0.03,0.04,0.1,0.13,0.02,1
2023-07-21,29.73,29.74,29.7,29.71,239259,-0.02,0.04,-0.07,0.12,0.02,-1
2023-07-20,29.74,29.74,29.72,29.72,183626,-0.02,0.02,-0.07,0.07,0.01,-1
2023-07-19,29.72,29.74,29.71,29.73,263270,0.01,0.03,0.03,0.1,0.01,1
2023-07-18,29.75,29.75,29.71,29.71,267269,-0.04,0.04,-0.13,0.13,0.02,-1
2023-07-17,29.73,29.79,29.72,29.72,228173,-0.01,0.07,-0.03,0.24,0.04,1
2023-07-14,29.7,29.72,29.67,29.7,203699,0.0,0.05,0.0,0.17,0.02,1
2023-07-13,29.69,29.69,29.66,29.67,180193,-0.02,0.03,-0.07,0.1,0.02,-1
2023-07-12,29.69,29.7,29.65,29.69,429818,0.0,0.05,0.0,0.17,0.03,1
2023-07-11,29.68,29.7,29.64,29.66,190615,-0.02,0.06,-0.07,0.2,0.03,1
2023-07-10,29.62,29.67,29.62,29.65,168522,0.03,0.05,0.1,0.17,0.03,-1
2023-07-07,29.63,29.66,29.59,29.65,248747,0.02,0.07,0.07,0.24,0.04,1
2023-07-06,29.55,29.63,29.52,29.61,121630,0.06,0.11,0.2,0.37,0.05,-1
2023-07-05,29.62,29.64,29.6,29.62,302079,0.0,0.04,0.0,0.14,0.02,-1
2023-07-03,29.6,29.64,29.6,29.64,266350,0.04,0.05,0.13,0.15,0.02,1
2023-06-30,29.63,29.63,29.6,29.61,253862,-0.02,0.03,-0.07,0.1,0.01,-1
2023-06-29,29.64,29.65,29.59,29.64,345611,0.0,0.06,0.0,0.2,0.03,1
2023-06-28,29.55,29.65,29.55,29.61,438196,0.06,0.1,0.2,0.34,0.05,1
2023-06-27,29.55,29.57,29.54,29.56,313198,0.01,0.03,0.03,0.1,0.02,1
2023-06-26,29.55,29.59,29.51,29.55,332672,0.0,0.08,0.0,0.27,0.04,1
2023-06-23,29.55,29.57,29.5,29.51,308461,-0.04,0.07,-0.14,0.24,0.04,-1
2023-06-22,29.51,29.57,29.51,29.57,96112,0.06,0.06,0.2,0.2,0.03,1
2023-06-21,29.52,29.56,29.51,29.53,223751,0.01,0.05,0.03,0.17,0.02,-1
2023-06-20,29.54,29.55,29.46,29.55,265125,0.01,0.09,0.03,0.3,0.04,1
2023-06-16,29.53,29.54,29.5,29.52,285448,-0.01,0.04,-0.03,0.14,0.02,1
2023-06-15,29.45,29.56,29.45,29.49,254017,0.04,0.11,0.14,0.37,0.05,-1
2023-06-14,29.48,29.55,29.48,29.51,243826,0.03,0.07,0.1,0.24,0.04,1
2023-06-13,29.54,29.55,29.48,29.49,289794,-0.05,0.07,-0.17,0.24,0.04,1
2023-06-12,29.44,29.5,29.44,29.48,458689,0.04,0.06,0.14,0.2,0.03,1
2023-06-09,29.41,29.48,29.41,29.47,174192,0.06,0.07,0.2,0.24,0.04,1
2023-06-08,29.43,29.45,29.4,29.44,265224,0.01,0.05,0.03,0.17,0.03,-1
2023-06-07,29.4,29.56,29.39,29.44,270978,0.04,0.17,0.14,0.58,0.08,1
2023-06-06,29.34,29.4,29.31,29.34,186814,0.0,0.09,0.0,0.31,0.04,-1
2023-06-05,29.35,29.35,29.27,29.34,239600,-0.01,0.08,-0.03,0.27,0.04,-1
2023-06-02,29.39,29.46,29.34,29.35,246121,-0.04,0.12,-0.14,0.41,0.06,1
2023-06-01,29.29,29.38,29.29,29.32,273980,0.03,0.09,0.1,0.31,0.04,1
2023-05-31,29.26,29.32,29.26,29.31,307676,0.05,0.06,0.17,0.2,0.03,1
2023-05-30,29.25,29.3,29.25,29.29,306664,0.04,0.05,0.14,0.17,0.03,1
2023-05-26,29.26,29.28,29.24,29.25,218598,-0.01,0.04,-0.03,0.14,0.02,-1
2023-05-25,29.26,29.3,29.26,29.26,311995,0.0,0.04,0.0,0.15,0.02,-1
2023-05-24,29.27,29.29,29.24,29.27,330981,0.0,0.05,0.0,0.17,0.03,-1
2023-05-23,29.33,29.33,29.25,29.28,439581,-0.05,0.08,-0.17,0.27,0.04,-1
2023-05-22,29.29,29.32,29.25,29.28,748402,-0.01,0.07,-0.03,0.24,0.04,-1
2023-05-19,29.39,29.41,29.24,29.28,697117,-0.11,0.17,-0.38,0.58,0.09,-1
2023-05-18,29.26,29.36,29.26,29.36,416311,0.1,0.1,0.34,0.34,0.05,1
2023-05-17,29.34,29.34,29.25,29.25,328207,-0.09,0.09,-0.31,0.31,0.04,-1
2023-05-16,29.25,29.39,29.25,29.3,318837,0.05,0.14,0.17,0.48,0.07,-1
2023-05-15,29.34,29.35,29.3,29.32,337175,-0.02,0.05,-0.07,0.17,0.03,-1
2023-05-12,29.43,29.43,29.3,29.35,564561,-0.08,0.13,-0.27,0.46,0.07,-1
2023-05-11,29.24,29.36,29.23,29.35,378933,0.11,0.13,0.37,0.44,0.06,-1
2023-05-10,29.42,29.44,29.39,29.4,271252,-0.02,0.05,-0.07,0.17,0.03,1
2023-05-09,29.39,29.41,29.32,29.39,225681,0.0,0.09,0.0,0.31,0.05,-1
2023-05-08,29.39,29.45,29.31,29.43,1398413,0.04,0.14,0.14,0.48,0.07,1
2023-05-05,29.43,29.45,29.38,29.4,176614,-0.03,0.07,-0.1,0.24,0.04,-1
2023-05-04,29.4,29.42,29.38,29.42,492811,0.02,0.04,0.07,0.14,0.02,1
2023-05-03,29.42,29.42,29.38,29.41,609869,-0.01,0.04,-0.03,0.14,0.02,-1
2023-05-02,29.37,29.42,29.37,29.42,236091,0.05,0.05,0.17,0.17,0.03,1
2023-05-01,29.36,29.42,29.36,29.41,163215,0.05,0.06,0.17,0.2,0.03,-1
2023-04-28,29.4,29.45,29.35,29.41,276620,0.01,0.1,0.03,0.34,0.05,1
2023-04-27,29.42,29.44,29.36,29.39,168613,-0.03,0.08,-0.1,0.27,0.04,1
2023-04-26,29.34,29.41,29.34,29.36,448126,0.02,0.07,0.07,0.24,0.04,-1
2023-04-25,29.36,29.43,29.35,29.36,262782,0.0,0.08,0.0,0.27,0.04,-1
2023-04-24,29.38,29.42,29.37,29.38,130457,0.0,0.04,0.0,0.15,0.02,1
2023-04-21,29.4,29.4,29.35,29.36,306716,-0.04,0.05,-0.14,0.17,0.02,-1
2023-04-20,29.44,29.53,29.37,29.37,962826,-0.07,0.16,-0.24,0.54,0.08,-1
2023-04-19,29.47,29.49,29.39,29.4,549807,-0.07,0.1,-0.24,0.34,0.05,-1
2023-04-18,29.54,29.57,29.47,29.47,182940,-0.07,0.1,-0.24,0.34,0.05,-1
2023-04-17,29.46,29.56,29.46,29.56,237192,0.1,0.1,0.34,0.34,0.05,1
2023-04-14,29.54,29.58,29.5,29.54,222875,0.0,0.07,0.0,0.25,0.04,-1
2023-04-13,29.6,29.64,29.56,29.56,235029,-0.04,0.08,-0.14,0.25,0.04,-1
2023-04-12,29.83,29.83,29.63,29.64,1101405,-0.19,0.2,-0.64,0.67,0.1,-1
2023-04-11,29.48,29.82,29.42,29.77,2263616,0.29,0.39,0.97,1.32,0.2,1
2023-04-10,29.46,29.56,29.38,29.44,670213,-0.02,0.18,-0.07,0.61,0.09,-1
2023-04-06,29.35,30.13,29.34,29.54,1497304,0.19,0.79,0.64,2.67,0.39,1
2023-04-05,29.35,29.36,29.34,29.36,336764,0.01,0.02,0.03,0.09,0.01,1
2023-04-04,29.39,29.47,29.26,29.26,390155,-0.13,0.21,-0.44,0.72,0.1,-1
2023-04-03,29.26,29.45,29.26,29.42,710752,0.16,0.19,0.54,0.65,0.09,1
2023-03-31,29.19,29.31,29.14,29.29,847899,0.1,0.17,0.34,0.58,0.08,1
2023-03-30,29.18,29.24,29.16,29.16,259671,-0.02,0.08,-0.07,0.27,0.04,-1
2023-03-29,29.19,29.2,29.06,29.19,401930,0.0,0.14,0.0,0.48,0.07,-1
2023-03-28,29.05,29.21,28.9,29.19,841231,0.14,0.32,0.48,1.08,0.16,1
2023-03-27,29.0,29.1,28.98,29.04,944946,0.04,0.12,0.14,0.41,0.06,1
2023-03-24,28.95,29.07,28.9,29.0,1881939,0.05,0.17,0.17,0.59,0.09,1
2023-03-23,28.96,29.0,28.9,28.9,1869776,-0.06,0.11,-0.21,0.36,0.05,-1
2023-03-22,28.96,29.06,28.86,28.95,1271590,-0.01,0.2,-0.03,0.69,0.1,-1
2023-03-21,28.94,29.14,28.85,28.95,520847,0.01,0.29,0.03,1.0,0.14,1
2023-03-20,28.91,29.0,28.91,28.93,2255416,0.02,0.09,0.07,0.31,0.04,1
2023-03-17,29.05,29.05,28.88,28.9,732279,-0.15,0.17,-0.52,0.59,0.09,-1
2023-03-16,28.95,29.05,28.95,29.04,604728,0.09,0.1,0.31,0.34,0.05,1
2023-03-15,29.0,29.05,28.89,28.97,605451,-0.03,0.16,-0.1,0.55,0.08,-1
2023-03-14,29.04,29.06,28.98,29.04,590728,0.0,0.08,0.0,0.28,0.04,1
2023-03-13,29.04,29.07,28.98,28.98,968865,-0.06,0.09,-0.21,0.31,0.04,-1
2023-03-10,29.05,29.09,29.04,29.04,590957,-0.01,0.05,-0.03,0.17,0.03,-1
2023-03-09,29.08,29.09,29.02,29.05,822311,-0.03,0.07,-0.1,0.24,0.04,-1
2023-03-08,29.1,29.14,29.04,29.07,961070,-0.03,0.11,-0.1,0.36,0.05,-1
2023-03-07,29.09,29.1,29.06,29.07,873254,-0.02,0.04,-0.07,0.14,0.02,-1
2023-03-06,29.08,29.11,29.07,29.09,673213,0.01,0.04,0.03,0.14,0.02,1
2023-03-03,29.1,29.16,29.07,29.07,398526,-0.03,0.09,-0.1,0.29,0.04,-1
2023-03-02,29.1,29.16,29.06,29.08,1487140,-0.02,0.1,-0.07,0.34,0.05,-1
2023-03-01,29.05,29.17,29.05,29.13,710242,0.08,0.12,0.27,0.41,0.06,1
2023-02-28,29.08,29.25,29.03,29.05,805693,-0.03,0.22,-0.1,0.76,0.11,-1
2023-02-27,29.3,29.3,29.18,29.18,204273,-0.12,0.12,-0.41,0.41,0.06,-1
2023-02-24,29.22,29.25,29.2,29.21,286202,-0.01,0.05,-0.03,0.17,0.03,-1
2023-02-23,29.21,29.26,29.15,29.25,649069,0.04,0.11,0.14,0.38,0.06,1
2023-02-22,29.16,29.25,29.12,29.21,718276,0.05,0.13,0.17,0.45,0.06,-1
2023-02-21,29.0,29.25,28.99,29.23,510194,0.23,0.26,0.79,0.89,0.13,1
2023-02-17,29.35,29.42,28.98,29.0,1945819,-0.35,0.44,-1.21,1.52,0.22,-1
2023-02-16,29.32,29.41,29.23,29.23,669681,-0.09,0.18,-0.31,0.62,0.09,-1
2023-02-15,29.35,29.42,29.3,29.4,453386,0.05,0.12,0.17,0.41,0.06,1
2023-02-14,29.3,29.36,29.26,29.32,797117,0.02,0.09,0.07,0.32,0.05,1
2023-02-13,29.43,29.43,29.29,29.3,646100,-0.13,0.14,-0.44,0.48,0.07,-1
2023-02-10,29.23,29.39,29.18,29.39,1161649,0.16,0.21,0.54,0.71,0.11,1
2023-02-09,29.19,29.26,29.13,29.21,2052254,0.02,0.12,0.07,0.43,0.06,1
2023-02-08,29.18,29.32,29.11,29.19,6110831,0.01,0.21,0.03,0.72,0.11,1
2023-02-07,27.68,28.29,27.41,28.11,134799,0.43,0.88,1.53,3.13,0.44,1
2023-02-06,28.06,28.2,27.56,27.8,129603,-0.26,0.64,-0.94,2.3,0.32,-1
2023-02-03,27.97,28.12,27.74,27.99,105237,0.02,0.39,0.07,1.38,0.19,-1
2023-02-02,27.7,28.18,27.55,28.03,139882,0.33,0.63,1.18,2.25,0.31,1
2023-02-01,27.52,28.0,26.96,27.76,132669,0.24,1.04,0.86,3.75,0.52,-1
2023-01-31,27.22,27.76,26.59,27.76,123512,0.54,1.17,1.95,4.21,0.59,1
2023-01-30,26.99,27.27,26.72,27.06,122249,0.07,0.55,0.26,2.03,0.28,-1
2023-01-27,27.53,27.53,26.92,27.1,102598,-0.43,0.61,-1.59,2.25,0.3,-1
2023-01-26,27.6,27.87,27.22,27.37,63629,-0.23,0.65,-0.84,2.37,0.32,-1
2023-01-25,27.01,27.5,27.0,27.37,68644,0.36,0.5,1.32,1.85,0.25,1
2023-01-24,27.58,27.73,27.03,27.13,62776,-0.46,0.7,-1.68,2.58,0.35,-1
2023-01-23,27.35,27.71,27.22,27.6,120797,0.25,0.49,0.91,1.78,0.25,1
2023-01-20,27.4,27.42,26.98,27.3,107506,-0.1,0.44,-0.37,1.59,0.22,1
2023-01-19,26.96,27.24,26.37,27.15,97685,0.19,0.87,0.7,3.2,0.43,1
2023-01-18,27.63,27.76,26.9,27.12,65977,-0.51,0.86,-1.88,3.17,0.43,-1
2023-01-17,26.83,27.47,26.3,27.35,141298,0.52,1.17,1.9,4.28,0.58,1
2023-01-13,25.86,27.16,25.86,27.06,122994,1.2,1.3,4.43,4.8,0.65,1
2023-01-12,27.14,27.14,24.35,25.68,326577,-1.46,2.79,-5.69,10.86,1.39,-1
2023-01-11,27.08,27.41,26.93,27.22,77176,0.14,0.48,0.51,1.76,0.24,1
2023-01-10,27.07,27.15,26.9,27.09,118830,0.02,0.25,0.07,0.92,0.12,1
2023-01-09,27.03,27.16,26.47,26.81,131247,-0.22,0.7,-0.82,2.59,0.35,-1
2023-01-06,25.36,27.03,25.17,26.93,142938,1.57,1.86,5.83,6.9,0.93,1
2023-01-05,26.33,26.33,24.98,25.12,135676,-1.21,1.34,-4.82,5.35,0.67,-1
2023-01-04,26.82,26.9,26.25,26.35,218075,-0.47,0.64,-1.78,2.45,0.32,-1
2023-01-03,26.08,26.56,25.5,26.56,144390,0.48,1.06,1.81,3.99,0.53,1
2022-12-30,25.59,26.12,25.42,25.85,127219,0.26,0.7,1.01,2.71,0.35,1
2022-12-29,25.92,26.21,25.65,25.71,98319,-0.21,0.56,-0.82,2.18,0.28,-1
2022-12-28,26.77,26.77,25.92,25.92,139859,-0.85,0.85,-3.28,3.28,0.42,-1
2022-12-27,26.59,26.83,26.4,26.64,169370,0.05,0.43,0.19,1.61,0.21,1
2022-12-23,26.36,26.58,26.28,26.51,141436,0.15,0.3,0.57,1.13,0.15,1
2022-12-22,26.24,26.51,26.06,26.39,193455,0.15,0.45,0.57,1.71,0.23,1
2022-12-21,25.71,26.52,25.71,26.3,218960,0.59,0.8,2.24,3.06,0.4,1
2022-12-20,25.39,25.95,25.27,25.4,93790,0.01,0.68,0.04,2.68,0.34,1
2022-12-19,25.63,25.88,25.15,25.27,164514,-0.36,0.73,-1.42,2.89,0.37,-1
2022-12-16,25.34,25.97,25.2,25.83,426894,0.49,0.77,1.9,2.98,0.38,1
2022-12-15,25.81,26.08,25.39,25.62,180095,-0.19,0.68,-0.74,2.67,0.34,-1
2022-12-14,26.18,26.52,25.89,26.23,180641,0.05,0.63,0.19,2.4,0.31,1
2022-12-13,26.9,26.96,25.88,26.14,316555,-0.76,1.08,-2.91,4.13,0.54,1
2022-12-12,25.94,26.12,25.28,25.48,144264,-0.46,0.84,-1.81,3.3,0.42,-1
2022-12-09,26.61,26.64,25.65,25.92,150124,-0.69,0.99,-2.66,3.82,0.5,-1
2022-12-08,26.43,27.06,26.4,26.7,134664,0.27,0.65,1.01,2.45,0.33,1
2022-12-07,26.24,26.64,26.17,26.27,100750,0.03,0.47,0.11,1.79,0.23,-1
2022-12-06,27.22,27.37,25.95,26.33,154760,-0.89,1.42,-3.38,5.39,0.71,-1
2022-12-05,27.37,27.57,27.06,27.41,122159,0.04,0.52,0.15,1.88,0.26,-1
2022-12-02,26.67,27.76,26.66,27.43,139122,0.76,1.1,2.77,4.0,0.55,1
2022-12-01,27.28,27.28,26.56,26.94,145837,-0.34,0.72,-1.26,2.67,0.36,-1
2022-11-30,26.07,27.29,26.04,27.18,335944,1.11,1.25,4.08,4.6,0.62,1
2022-11-29,25.83,26.41,25.82,26.11,108762,0.28,0.59,1.07,2.28,0.3,-1
2022-11-28,26.5,26.73,26.2,26.28,170091,-0.22,0.53,-0.84,2.02,0.27,-1
2022-11-25,26.29,26.97,26.29,26.77,57766,0.48,0.68,1.79,2.54,0.34,1
2022-11-23,26.15,26.42,25.94,26.34,104036,0.19,0.48,0.72,1.82,0.24,1
2022-11-22,26.12,26.76,26.02,26.29,112470,0.17,0.74,0.65,2.8,0.37,1
2022-11-21,26.45,26.72,25.63,25.98,185716,-0.47,1.09,-1.81,4.2,0.54,-1
2022-11-18,26.59,26.84,26.28,26.31,152424,-0.28,0.56,-1.06,2.13,0.28,1
2022-11-17,26.01,26.19,25.54,26.16,126658,0.15,0.65,0.57,2.48,0.32,-1
2022-11-16,25.92,26.41,25.38,26.22,198934,0.3,1.03,1.14,3.93,0.52,1
2022-11-15,25.39,25.98,25.1,25.94,206659,0.55,0.88,2.12,3.39,0.44,1
2022-11-14,25.62,25.78,24.93,25.37,231237,-0.25,0.85,-0.99,3.35,0.43,-1
2022-11-11,25.48,25.93,25.31,25.71,125471,0.23,0.62,0.89,2.41,0.31,1
2022-11-10,24.75,25.62,24.36,25.32,268417,0.57,1.26,2.25,4.96,0.63,1
2022-11-09,23.76,24.69,23.66,24.49,282361,0.73,1.03,2.98,4.21,0.52,1
2022-11-08,24.12,25.54,23.57,23.8,455652,-0.32,1.97,-1.34,8.29,0.99,-1
2022-11-07,24.21,24.86,24.21,24.47,195894,0.26,0.65,1.06,2.66,0.32,1
2022-11-04,24.24,24.54,23.59,24.18,183012,-0.06,0.96,-0.25,3.95,0.48,1
2022-11-03,24.02,24.57,23.82,23.93,160325,-0.09,0.75,-0.38,3.13,0.38,-1
2022-11-02,24.99,25.22,24.3,24.33,216716,-0.66,0.92,-2.71,3.78,0.46,-1
2022-11-01,25.11,25.25,24.42,25.07,221106,-0.04,0.83,-0.16,3.31,0.41,1
2022-10-31,24.54,25.01,24.27,24.87,167827,0.33,0.74,1.33,2.98,0.37,1
2022-10-28,24.22,24.96,24.22,24.76,127793,0.54,0.74,2.18,2.99,0.37,1
2022-10-27,23.84,24.7,23.78,24.08,157732,0.24,0.92,1.0,3.82,0.46,1
2022-10-26,23.61,24.36,23.61,23.66,203409,0.05,0.75,0.21,3.17,0.38,1
2022-10-25,23.21,23.82,23.21,23.49,121606,0.28,0.61,1.19,2.6,0.3,1
2022-10-24,22.62,23.42,22.47,23.25,170711,0.63,0.95,2.71,4.09,0.47,1
2022-10-21,22.38,23.37,22.38,22.8,189320,0.42,0.99,1.84,4.34,0.5,1
2022-10-20,22.83,22.83,21.84,22.3,300743,-0.53,0.99,-2.38,4.44,0.49,-1
2022-10-19,22.17,22.94,22.17,22.83,157979,0.66,0.77,2.89,3.37,0.38,1
2022-10-18,22.08,22.61,21.89,22.2,201107,0.12,0.72,0.54,3.24,0.36,1
2022-10-17,22.52,22.67,21.69,21.81,184686,-0.71,0.98,-3.26,4.49,0.49,-1
2022-10-14,22.67,22.67,21.77,22.24,218076,-0.43,0.9,-1.93,4.05,0.45,-1
2022-10-13,21.0,22.46,20.83,22.36,249937,1.36,1.63,6.08,7.29,0.82,1
2022-10-12,21.44,21.88,21.15,21.24,223061,-0.2,0.73,-0.94,3.44,0.37,-1
2022-10-11,21.4,22.14,21.31,21.45,239005,0.05,0.83,0.23,3.87,0.42,-1
2022-10-10,20.7,21.7,20.53,21.55,281887,0.85,1.17,3.94,5.43,0.58,1
2022-10-07,20.25,20.54,20.02,20.52,241146,0.27,0.52,1.32,2.51,0.26,1
2022-10-06,20.23,20.42,19.99,20.36,163389,0.13,0.43,0.64,2.11,0.22,-1
2022-10-05,20.13,20.75,20.13,20.61,153507,0.48,0.62,2.33,3.01,0.31,1
2022-10-04,19.42,20.57,19.42,20.51,242295,1.09,1.15,5.31,5.61,0.57,1
2022-10-03,19.4,19.59,19.0,19.25,218953,-0.15,0.59,-0.78,3.06,0.29,-1
2022-09-30,19.54,19.89,19.22,19.26,242208,-0.28,0.67,-1.45,3.48,0.34,-1
2022-09-29,19.78,19.78,19.21,19.5,269530,-0.28,0.57,-1.44,2.92,0.29,-1
2022-09-28,19.77,20.37,19.58,20.07,167679,0.3,0.79,1.49,3.94,0.4,1
2022-09-27,19.93,20.05,19.43,19.62,175570,-0.31,0.62,-1.58,3.16,0.31,-1
2022-09-26,20.54,20.65,19.25,19.78,243340,-0.76,1.4,-3.84,7.08,0.7,-1
2022-09-23,20.61,20.7,20.1,20.58,212215,-0.03,0.6,-0.15,2.92,0.3,-1
2022-09-22,21.66,21.74,20.78,20.92,188231,-0.74,0.95,-3.54,4.57,0.48,-1
2022-09-21,22.39,22.5,21.76,21.81,147596,-0.58,0.74,-2.66,3.39,0.37,-1
2022-09-20,22.8,22.8,21.98,22.15,221815,-0.65,0.82,-2.93,3.7,0.41,-1
2022-09-19,23.31,23.7,22.91,23.18,278959,-0.13,0.79,-0.56,3.41,0.39,-1
2022-09-16,23.18,23.71,22.89,23.58,560794,0.4,0.82,1.7,3.48,0.41,1
2022-09-15,22.87,23.73,22.69,23.27,388988,0.4,1.04,1.72,4.47,0.52,1
2022-09-14,22.86,23.46,22.25,22.98,480584,0.12,1.22,0.52,5.3,0.61,-1
2022-09-13,22.97,24.71,22.32,23.04,1369573,0.07,2.39,0.3,10.37,1.2,-1
2022-09-12,22.8,23.68,22.53,23.55,544621,0.75,1.15,3.18,4.87,0.57,1
2022-09-09,21.91,22.25,21.6,22.04,304561,0.13,0.65,0.59,2.95,0.32,1
2022-09-08,20.02,22.28,20.02,21.9,491635,1.88,2.26,8.58,10.32,1.13,1
2022-09-07,19.65,20.33,19.48,20.18,237081,0.53,0.85,2.63,4.21,0.42,1
2022-09-06,19.53,19.83,19.24,19.66,276226,0.13,0.59,0.66,3.02,0.3,1
2022-09-02,19.86,20.22,19.27,19.4,171691,-0.46,0.95,-2.37,4.9,0.47,-1
2022-09-01,19.5,19.87,19.22,19.76,305087,0.26,0.65,1.32,3.29,0.33,1
2022-08-31,20.24,20.24,19.58,19.63,315848,-0.61,0.66,-3.11,3.36,0.33,-1
2022-08-30,20.27,20.44,20.03,20.06,238838,-0.21,0.41,-1.05,2.04,0.21,-1
2022-08-29,21.32,21.32,20.62,20.64,235983,-0.68,0.7,-3.29,3.39,0.35,-1
2022-08-26,20.79,21.65,20.76,21.42,301080,0.63,0.89,2.94,4.18,0.45,1
2022-08-25,20.62,20.79,20.4,20.78,306465,0.16,0.39,0.77,1.88,0.2,1
2022-08-24,20.25,20.8,20.2,20.55,252899,0.3,0.6,1.46,2.92,0.3,1
2022-08-23,20.82,20.82,19.99,20.32,349173,-0.5,0.83,-2.46,4.08,0.42,-1
2022-08-22,20.17,20.91,19.9,20.82,348617,0.65,1.01,3.12,4.85,0.51,1
2022-08-19,20.3,20.56,20.15,20.3,415817,0.0,0.42,0.0,2.04,0.21,-1
2022-08-18,20.14,20.93,19.87,20.46,549541,0.32,1.06,1.56,5.18,0.53,1
2022-08-17,20.25,20.89,19.8,20.14,666429,-0.11,1.09,-0.55,5.41,0.54,-1
2022-08-16,22.46,22.46,19.85,20.37,1094994,-2.09,2.61,-10.26,12.81,1.3,-1
2022-08-15,22.11,22.62,21.8,22.62,741430,0.51,0.82,2.25,3.63,0.41,1
2022-08-12,22.34,22.65,21.51,22.24,864178,-0.1,1.14,-0.45,5.13,0.57,1
2022-08-11,23.25,23.71,22.06,22.08,586360,-1.17,1.65,-5.3,7.47,0.83,-1
2022-08-10,25.82,26.05,22.72,23.1,865947,-2.72,3.32,-11.77,14.39,1.66,-1
2022-08-09,28.33,29.96,25.88,26.51,622582,-1.82,4.09,-6.87,15.41,2.04,-1
2022-08-08,31.91,32.29,31.64,32.22,269636,0.31,0.65,0.96,2.02,0.32,1
2022-08-05,31.1,31.64,30.97,31.61,133341,0.51,0.67,1.61,2.12,0.34,1
2022-08-04,31.82,31.82,30.78,31.24,116888,-0.58,1.04,-1.86,3.33,0.52,-1
2022-08-03,31.23,31.78,30.84,31.77,219901,0.54,0.94,1.7,2.96,0.47,1
2022-08-02,31.92,32.11,31.18,31.26,129954,-0.66,0.93,-2.11,2.98,0.46,-1
2022-08-01,32.46,32.77,31.88,31.95,142316,-0.51,0.89,-1.6,2.79,0.45,-1
2022-07-29,32.39,32.88,32.39,32.79,75027,0.4,0.49,1.22,1.49,0.25,1
2022-07-28,33.63,33.63,32.45,32.48,80180,-1.15,1.18,-3.54,3.63,0.59,-1
2022-07-27,33.21,33.61,32.78,33.4,98961,0.19,0.83,0.57,2.49,0.41,1
2022-07-26,33.57,33.67,32.87,33.12,89415,-0.45,0.8,-1.36,2.42,0.4,-1
2022-07-25,33.54,33.83,33.32,33.51,88287,-0.03,0.52,-0.09,1.54,0.26,1
2022-07-22,33.89,33.94,33.02,33.36,65065,-0.53,0.92,-1.59,2.75,0.46,-1
2022-07-21,33.39,33.86,33.02,33.84,105623,0.45,0.84,1.33,2.48,0.42,1
2022-07-20,33.36,33.85,33.18,33.71,74201,0.35,0.67,1.04,1.99,0.34,1
2022-07-19,32.72,33.74,32.72,33.51,147442,0.79,1.02,2.36,3.04,0.51,1
2022-07-18,33.2,33.25,32.44,32.52,103875,-0.68,0.81,-2.09,2.49,0.41,-1
2022-07-15,33.04,33.04,32.07,32.79,122673,-0.25,0.97,-0.76,2.96,0.48,1
2022-07-14,33.46,33.46,32.0,32.41,144018,-1.05,1.46,-3.24,4.5,0.73,-1
2022-07-13,34.0,34.13,33.52,33.87,129709,-0.13,0.61,-0.38,1.8,0.3,-1
2022-07-12,34.09,34.86,34.08,34.3,143225,0.21,0.78,0.61,2.27,0.39,1
2022-07-11,33.82,34.53,33.82,34.12,130623,0.3,0.71,0.88,2.08,0.36,1
2022-07-08,35.52,35.54,34.07,34.11,222099,-1.41,1.47,-4.13,4.31,0.73,-1
2022-07-07,36.32,36.62,35.7,35.76,110217,-0.56,0.92,-1.57,2.57,0.46,-1
2022-07-06,36.37,36.84,35.98,36.05,99068,-0.32,0.87,-0.89,2.4,0.43,-1
2022-07-05,36.69,36.69,35.52,36.53,140268,-0.16,1.16,-0.44,3.19,0.58,-1
2022-07-01,36.77,37.63,36.0,37.46,105064,0.69,1.63,1.84,4.35,0.82,1
2022-06-30,36.94,37.37,36.52,36.86,94108,-0.08,0.85,-0.22,2.3,0.42,-1
2022-06-29,38.39,38.44,37.19,37.34,128852,-1.05,1.26,-2.81,3.36,0.63,-1
2022-06-28,39.6,40.15,38.31,38.52,187812,-1.08,1.84,-2.8,4.79,0.92,-1
2022-06-27,38.79,39.45,38.34,39.36,282469,0.57,1.11,1.45,2.82,0.55,1
2022-06-24,37.67,39.0,37.49,38.25,353836,0.58,1.51,1.52,3.93,0.75,1
2022-06-23,38.09,38.19,37.27,37.36,95824,-0.73,0.92,-1.95,2.46,0.46,-1
2022-06-22,38.15,38.52,37.86,38.09,113024,-0.06,0.66,-0.16,1.73,0.33,-1
2022-06-21,38.51,38.81,38.23,38.4,106388,-0.11,0.58,-0.29,1.51,0.29,1
2022-06-17,38.7,39.16,38.12,38.13,197672,-0.57,1.04,-1.49,2.71,0.52,-1
2022-06-16,39.28,39.28,38.11,38.18,211059,-1.1,1.17,-2.88,3.06,0.59,-1
2022-06-15,40.16,40.56,39.52,39.79,121773,-0.37,1.03,-0.93,2.6,0.52,1
2022-06-14,39.37,39.98,39.22,39.73,121503,0.36,0.77,0.91,1.93,0.38,1
2022-06-13,40.18,40.59,39.26,39.48,151915,-0.7,1.33,-1.77,3.36,0.66,-1
2022-06-10,41.01,41.29,40.4,40.88,67635,-0.13,0.88,-0.32,2.16,0.44,-1
2022-06-09,42.26,42.26,41.3,41.41,91372,-0.85,0.96,-2.05,2.32,0.48,-1
2022-06-08,43.43,43.82,42.12,42.43,120885,-1.0,1.7,-2.36,4.01,0.85,-1
2022-06-07,43.42,43.66,42.95,43.53,110094,0.11,0.71,0.25,1.63,0.35,-1
2022-06-06,43.87,44.18,43.37,43.73,81983,-0.14,0.81,-0.32,1.85,0.41,1
2022-06-03,43.89,43.89,42.94,43.35,102044,-0.54,0.95,-1.25,2.19,0.48,-1
2022-06-02,43.73,44.0,42.7,43.96,150604,0.23,1.3,0.52,2.96,0.65,1
2022-06-01,42.69,43.75,42.05,43.58,235730,0.89,1.7,2.04,3.9,0.85,1
2022-05-31,42.13,42.74,41.67,42.36,136649,0.23,1.07,0.54,2.54,0.54,-1
2022-05-27,41.76,42.59,41.68,42.49,89899,0.73,0.91,1.72,2.14,0.46,1
2022-05-26,41.95,42.46,41.81,41.97,97756,0.02,0.65,0.05,1.55,0.32,1
2022-05-25,41.55,42.09,41.11,41.62,111271,0.07,0.98,0.17,2.36,0.49,1
2022-05-24,41.55,41.88,40.49,41.61,126989,0.06,1.39,0.14,3.34,0.7,1
2022-05-23,41.78,41.93,41.0,41.54,162623,-0.24,0.93,-0.58,2.24,0.46,1
2022-05-20,42.22,42.8,40.65,41.51,156171,-0.71,2.15,-1.71,5.18,1.07,-1
2022-05-19,41.28,42.17,40.48,41.89,169412,0.61,1.69,1.46,4.03,0.85,-1
2022-05-18,42.92,43.13,41.64,41.89,105653,-1.03,1.49,-2.46,3.56,0.75,-1
2022-05-17,41.94,43.37,41.85,43.34,158048,1.4,1.52,3.23,3.51,0.76,1
2022-05-16,41.16,42.07,41.15,41.68,370670,0.52,0.92,1.25,2.2,0.46,1
2022-05-13,40.84,41.83,40.73,41.37,320978,0.53,1.1,1.28,2.66,0.55,1
2022-05-12,40.76,41.69,39.71,40.71,174932,-0.05,1.98,-0.12,4.86,0.99,-1
2022-05-11,41.32,42.1,40.85,40.95,256204,-0.37,1.25,-0.9,3.06,0.63,-1
2022-05-10,41.87,42.5,40.34,41.16,242037,-0.71,2.16,-1.72,5.25,1.08,-1
2022-05-09,40.91,42.25,40.84,41.5,320932,0.59,1.41,1.42,3.39,0.7,1
2022-05-06,41.96,41.99,40.75,41.3,179718,-0.66,1.24,-1.6,3.0,0.62,-1
2022-05-05,41.98,42.39,41.45,41.91,193724,-0.07,0.94,-0.17,2.24,0.47,-1
2022-05-04,42.94,42.98,41.97,42.66,339508,-0.28,1.01,-0.66,2.37,0.5,1
2022-05-03,42.61,45.26,42.31,42.59,481554,-0.02,2.95,-0.05,6.93,1.47,-1
2022-05-02,43.0,43.79,42.3,43.71,601710,0.71,1.49,1.62,3.41,0.75,1
2022-04-29,41.84,43.44,41.73,42.8,351106,0.96,1.71,2.24,4.0,0.86,1
2022-04-28,43.15,43.22,40.75,42.26,688260,-0.89,2.47,-2.11,5.85,1.24,1
2022-04-27,39.0,39.75,38.92,39.23,134275,0.23,0.83,0.59,2.12,0.41,1
2022-04-26,39.61,40.24,38.76,38.99,183028,-0.62,1.48,-1.59,3.8,0.74,-1
2022-04-25,39.83,40.14,38.26,39.95,184221,0.12,1.88,0.3,4.69,0.94,-1
2022-04-22,41.06,41.2,39.84,40.16,127189,-0.9,1.36,-2.24,3.39,0.68,-1
2022-04-21,41.77,42.28,41.37,41.42,89714,-0.35,0.91,-0.85,2.18,0.45,1
2022-04-20,40.87,41.53,40.64,41.28,101473,0.41,0.89,0.99,2.16,0.45,1
2022-04-19,40.99,41.16,40.36,40.52,117232,-0.47,0.8,-1.16,1.97,0.4,-1
2022-04-18,41.41,41.65,40.33,40.81,109210,-0.6,1.32,-1.47,3.23,0.66,-1
2022-04-14,41.69,42.13,41.14,41.44,97519,-0.25,0.99,-0.6,2.39,0.49,-1
2022-04-13,40.89,41.58,40.65,41.54,239477,0.65,0.93,1.56,2.24,0.46,1
2022-04-12,41.49,42.05,40.52,40.71,166262,-0.78,1.53,-1.92,3.76,0.76,-1
2022-04-11,42.17,42.97,41.17,41.22,182492,-0.95,1.8,-2.3,4.36,0.9,-1
2022-04-08,42.02,42.78,41.69,42.07,144118,0.05,1.09,0.12,2.59,0.54,1
2022-04-07,41.82,42.29,41.7,41.91,178863,0.09,0.59,0.21,1.41,0.29,-1
2022-04-06,41.87,42.7,41.87,42.06,173259,0.19,0.83,0.45,1.97,0.42,-1
2022-04-05,42.27,42.97,41.69,42.12,230937,-0.15,1.28,-0.36,3.04,0.64,-1
2022-04-04,42.61,43.59,42.13,42.5,346543,-0.11,1.46,-0.26,3.44,0.73,-1
2022-04-01,41.62,42.67,41.29,42.6,202586,0.98,1.38,2.3,3.24,0.69,1
2022-03-31,41.39,42.12,41.26,41.28,243457,-0.11,0.86,-0.27,2.08,0.43,-1
2022-03-30,41.49,41.94,41.21,41.51,248762,0.02,0.73,0.05,1.76,0.36,1
2022-03-29,41.23,42.19,41.03,41.36,465365,0.13,1.16,0.31,2.8,0.58,1
2022-03-28,40.65,40.86,40.2,40.51,339808,-0.14,0.66,-0.35,1.63,0.33,-1
2022-03-25,40.68,41.14,40.05,40.66,293317,-0.02,1.09,-0.05,2.68,0.55,1
2022-03-24,40.56,40.64,39.74,40.31,234153,-0.25,0.9,-0.62,2.23,0.45,-1
2022-03-23,42.13,42.7,40.39,40.44,322829,-1.69,2.31,-4.18,5.71,1.16,-1
2022-03-22,42.11,42.94,41.86,42.5,683182,0.39,1.08,0.92,2.54,0.54,1
2022-03-21,41.34,41.96,41.02,41.5,413470,0.16,0.94,0.39,2.27,0.47,1
2022-03-18,42.04,42.36,40.81,40.82,479539,-1.22,1.54,-2.99,3.78,0.77,-1
2022-03-17,41.35,42.73,41.35,42.19,261460,0.84,1.38,1.99,3.27,0.69,1
2022-03-16,41.68,42.15,40.9,41.82,311049,0.14,1.25,0.33,2.99,0.62,1
2022-03-15,41.26,42.18,40.78,41.0,689574,-0.26,1.4,-0.63,3.41,0.7,1
2022-03-14,40.7,41.2,39.56,40.57,557870,-0.13,1.64,-0.32,4.03,0.82,1
2022-03-11,41.83,42.0,40.04,40.09,323200,-1.74,1.96,-4.34,4.89,0.98,-1
2022-03-10,40.96,42.18,40.92,41.7,756948,0.74,1.26,1.77,3.02,0.63,-1
2022-03-09,40.5,42.18,40.5,41.71,370506,1.21,1.68,2.9,4.03,0.84,1
2022-03-08,40.85,41.28,39.85,39.88,357748,-0.97,1.43,-2.43,3.59,0.71,-1
2022-03-07,42.0,42.19,40.49,40.84,405993,-1.16,1.7,-2.84,4.16,0.85,-1
2022-03-04,41.74,42.68,41.65,42.3,175253,0.56,1.03,1.32,2.43,0.52,-1
2022-03-03,42.04,42.43,41.23,42.35,366251,0.31,1.2,0.73,2.83,0.6,1
2022-03-02,40.95,42.84,40.95,42.0,342432,1.05,1.89,2.5,4.5,0.95,1
2022-03-01,41.66,42.27,40.25,41.02,345227,-0.64,2.02,-1.56,4.92,1.01,-1
2022-02-28,41.45,42.38,40.96,42.17,377299,0.72,1.42,1.71,3.37,0.71,1
2022-02-25,41.75,42.4,40.33,42.06,341515,0.31,2.07,0.74,4.92,1.04,-1
2022-02-24,38.28,42.54,38.28,42.24,405030,3.96,4.27,9.38,10.1,2.13,1
2022-02-23,36.86,38.98,36.37,38.7,365722,1.84,2.61,4.75,6.74,1.3,1
2022-02-22,38.2,38.2,36.75,37.5,235664,-0.7,1.45,-1.87,3.87,0.73,-1
2022-02-18,37.56,38.37,37.56,38.15,168461,0.59,0.81,1.55,2.12,0.4,1
2022-02-17,39.19,39.19,37.66,37.74,172742,-1.45,1.53,-3.84,4.05,0.77,-1
2022-02-16,39.49,40.12,38.88,39.19,330247,-0.3,1.24,-0.77,3.16,0.62,-1
2022-02-15,39.97,40.59,38.99,39.7,257934,-0.27,1.6,-0.68,4.03,0.8,1
2022-02-14,40.84,41.5,39.4,39.63,203998,-1.21,2.1,-3.05,5.31,1.05,-1
2022-02-11,42.3,43.0,40.9,41.18,351404,-1.12,2.1,-2.72,5.1,1.05,-1
2022-02-10,44.3,44.8,42.38,42.82,447588,-1.48,2.42,-3.46,5.65,1.21,-1
2022-02-09,48.5,49.0,44.36,44.76,1127664,-3.74,4.64,-8.36,10.37,2.32,-1
2022-02-08,55.79,56.56,49.01,51.87,645139,-3.92,7.55,-7.56,14.56,3.77,-1
2022-02-07,55.73,56.26,55.52,55.69,54999,-0.04,0.74,-0.07,1.33,0.37,1
2022-02-04,56.05,56.3,55.13,55.68,55907,-0.37,1.17,-0.66,2.1,0.58,-1
2022-02-03,56.57,57.22,56.16,56.29,132375,-0.28,1.06,-0.5,1.88,0.53,-1
2022-02-02,56.36,57.05,55.86,56.96,123983,0.6,1.19,1.05,2.09,0.59,1
2022-02-01,56.44,56.95,55.52,56.82,125238,0.38,1.43,0.67,2.52,0.71,1
2022-01-31,56.01,56.79,55.37,56.78,119248,0.77,1.42,1.36,2.5,0.71,1
2022-01-28,56.25,56.67,55.18,56.62,88708,0.37,1.49,0.65,2.63,0.75,1
2022-01-27,58.61,59.44,55.77,56.26,132318,-2.35,3.67,-4.18,6.52,1.83,-1
2022-01-26,57.79,59.34,57.18,58.04,226421,0.25,2.17,0.43,3.73,1.08,1
2022-01-25,57.85,58.92,56.52,57.94,158730,0.09,2.4,0.16,4.14,1.2,-1
2022-01-24,57.03,58.64,56.62,58.38,102711,1.35,2.02,2.31,3.47,1.01,1
2022-01-21,57.78,58.41,57.43,57.49,112727,-0.29,0.98,-0.5,1.7,0.49,-1
2022-01-20,58.18,59.49,57.68,57.76,123233,-0.42,1.81,-0.73,3.13,0.91,-1
2022-01-19,59.61,59.61,57.84,57.85,105852,-1.76,1.77,-3.04,3.06,0.88,-1
2022-01-18,60.12,60.12,59.24,59.51,112847,-0.61,0.88,-1.03,1.49,0.44,-1
2022-01-14,59.26,60.29,59.05,60.06,77130,0.8,1.24,1.33,2.06,0.62,1
2022-01-13,59.23,60.19,59.18,59.95,154927,0.72,1.01,1.2,1.68,0.5,1
2022-01-12,59.88,59.98,58.72,59.1,100792,-0.78,1.26,-1.32,2.14,0.63,-1
2022-01-11,59.14,59.96,58.58,59.89,104513,0.75,1.38,1.25,2.3,0.69,1
2022-01-10,58.88,59.02,58.25,58.86,176867,-0.02,0.77,-0.03,1.31,0.39,1
2022-01-07,58.37,59.01,58.14,58.59,136374,0.22,0.87,0.38,1.48,0.43,1
2022-01-06,57.6,58.72,57.29,58.53,120851,0.93,1.43,1.59,2.44,0.71,1
2022-01-05,58.25,58.71,57.54,57.67,57546,-0.58,1.17,-1.01,2.03,0.59,-1
2022-01-04,58.34,59.08,57.98,58.13,56300,-0.21,1.09,-0.36,1.88,0.55,1
2022-01-03,58.11,59.06,57.62,58.09,76921,-0.02,1.44,-0.03,2.48,0.72,-1
2021-12-31,57.27,58.38,57.24,58.11,70970,0.84,1.14,1.45,1.96,0.57,1
2021-12-30,57.96,58.29,57.38,57.44,94041,-0.52,0.91,-0.91,1.58,0.45,-1
2021-12-29,57.78,58.31,57.46,57.93,77123,0.15,0.85,0.26,1.47,0.43,-1
2021-12-28,56.85,58.05,56.68,57.94,105617,1.09,1.37,1.88,2.36,0.68,1
2021-12-27,55.85,57.14,55.39,57.13,126308,1.28,1.75,2.24,3.06,0.88,1
2021-12-23,55.51,56.11,55.4,55.75,130688,0.24,0.71,0.43,1.27,0.36,1
2021-12-22,54.82,55.46,54.82,55.35,54479,0.53,0.64,0.96,1.16,0.32,1
2021-12-21,54.71,55.91,54.61,54.87,112178,0.16,1.3,0.29,2.37,0.65,1
2021-12-20,51.67,54.16,51.57,53.92,225056,2.25,2.59,4.17,4.8,1.29,-1
2021-12-17,55.24,55.78,54.26,54.27,261777,-0.97,1.52,-1.79,2.8,0.76,-1
2021-12-16,56.44,57.04,55.32,55.6,111427,-0.84,1.72,-1.51,3.09,0.86,-1
2021-12-15,55.16,56.16,54.81,56.06,109243,0.9,1.35,1.61,2.42,0.68,1
2021-12-14,55.96,56.73,55.13,55.26,136399,-0.7,1.6,-1.27,2.89,0.8,-1
2021-12-13,56.16,56.67,55.77,55.97,85516,-0.19,0.9,-0.34,1.61,0.45,-1
2021-12-10,56.05,56.74,55.91,56.44,100362,0.39,0.83,0.69,1.47,0.42,1
2021-12-09,55.78,56.61,55.67,56.06,105993,0.28,0.94,0.5,1.68,0.47,-1
2021-12-08,55.43,56.61,55.01,56.37,136388,0.94,1.6,1.67,2.84,0.8,1
2021-12-07,55.75,56.09,54.59,55.4,123979,-0.35,1.5,-0.63,2.7,0.75,1
2021-12-06,55.72,55.97,54.53,55.31,243606,-0.41,1.44,-0.74,2.6,0.72,1
2021-12-03,54.95,55.32,54.04,54.85,257994,-0.1,1.28,-0.18,2.33,0.64,-1
2021-12-02,53.82,55.43,53.66,54.86,126111,1.04,1.77,1.9,3.23,0.89,1
2021-12-01,55.29,55.79,53.27,53.38,220906,-1.91,2.52,-3.58,4.72,1.26,-1
2021-11-30,55.11,55.26,54.0,54.28,212630,-0.83,1.26,-1.53,2.32,0.63,-1
2021-11-29,57.28,57.67,55.52,55.77,115924,-1.51,2.15,-2.71,3.86,1.07,-1
2021-11-26,57.62,57.65,55.73,57.28,102318,-0.34,1.92,-0.59,3.35,0.96,-1
2021-11-24,58.79,59.81,57.45,59.28,99430,0.49,2.36,0.83,3.98,1.18,1
2021-11-23,58.73,59.56,58.73,59.2,109159,0.47,0.83,0.79,1.4,0.42,1
2021-11-22,58.24,59.66,57.94,58.74,147790,0.5,1.71,0.85,2.92,0.86,1
2021-11-19,57.54,58.56,57.38,57.77,113125,0.23,1.18,0.4,2.04,0.59,-1
2021-11-18,58.95,59.24,57.89,58.2,119346,-0.75,1.34,-1.29,2.31,0.67,-1
2021-11-17,58.66,59.34,58.1,59.06,73952,0.4,1.24,0.68,2.1,0.62,1
2021-11-16,59.54,59.92,58.89,59.02,92317,-0.52,1.03,-0.88,1.75,0.52,-1
2021-11-15,59.23,59.77,58.86,59.32,114261,0.09,0.91,0.15,1.53,0.46,1
2021-11-12,60.12,60.15,58.8,59.05,81508,-1.07,1.35,-1.81,2.29,0.68,-1
2021-11-11,60.94,60.94,59.99,60.01,93050,-0.93,0.95,-1.55,1.58,0.47,-1
2021-11-10,60.72,61.07,60.2,60.86,129805,0.14,0.87,0.23,1.43,0.43,1
2021-11-09,60.43,61.3,60.15,60.51,164317,0.08,1.15,0.13,1.89,0.57,1
2021-11-08,59.79,60.62,59.46,60.36,108909,0.57,1.16,0.94,1.92,0.58,1
2021-11-05,58.26,59.57,58.17,59.48,122406,1.22,1.4,2.05,2.35,0.7,1
2021-11-04,59.33,59.71,57.34,57.63,110067,-1.7,2.37,-2.95,4.11,1.18,-1
2021-11-03,56.19,59.79,56.19,58.9,180817,2.71,3.6,4.6,6.11,1.8,1
2021-11-02,56.25,56.61,55.8,56.24,109894,-0.01,0.81,-0.02,1.44,0.41,1
2021-11-01,55.48,56.7,55.09,56.05,129831,0.57,1.61,1.02,2.87,0.8,1
2021-10-29,55.32,55.8,54.84,55.1,83085,-0.22,0.95,-0.4,1.73,0.48,-1
2021-10-28,54.68,55.38,54.37,55.17,92960,0.49,1.01,0.89,1.83,0.5,1
2021-10-27,55.31,55.57,54.42,54.53,136198,-0.78,1.15,-1.43,2.12,0.58,-1
2021-10-26,55.03,55.82,54.52,55.21,93369,0.18,1.3,0.33,2.35,0.65,1
2021-10-25,54.77,55.27,54.1,54.99,86076,0.22,1.17,0.4,2.13,0.58,1
2021-10-22,54.63,54.94,54.11,54.79,46855,0.16,0.83,0.29,1.51,0.41,1
2021-10-21,54.6,54.92,54.19,54.44,68708,-0.16,0.73,-0.29,1.34,0.37,-1
2021-10-20,54.2,54.98,53.88,54.66,63714,0.46,1.1,0.84,2.01,0.55,1
2021-10-19,54.97,55.12,54.3,54.42,81355,-0.55,0.82,-1.01,1.51,0.41,-1
2021-10-18,56.1,56.1,54.54,54.55,151713,-1.55,1.56,-2.84,2.86,0.78,-1
2021-10-15,56.55,56.78,55.59,55.8,167567,-0.75,1.19,-1.34,2.13,0.59,1
2021-10-14,54.35,55.57,53.77,55.54,144879,1.19,1.8,2.14,3.24,0.9,1
2021-10-13,54.0,54.04,52.74,54.03,82330,0.03,1.3,0.06,2.41,0.65,-1
2021-10-12,55.14,55.29,54.17,54.19,62048,-0.95,1.12,-1.75,2.07,0.56,-1
2021-10-11,56.42,57.13,55.11,55.13,129512,-1.29,2.02,-2.34,3.66,1.01,-1
2021-10-08,55.89,56.56,55.08,56.09,70990,0.2,1.48,0.36,2.64,0.74,1
2021-10-07,55.68,56.43,55.68,55.88,143542,0.2,0.75,0.36,1.34,0.38,1
2021-10-06,54.03,55.45,53.62,55.4,153703,1.37,1.83,2.47,3.3,0.92,1
2021-10-05,53.38,54.59,52.63,54.56,165567,1.18,1.96,2.16,3.59,0.98,1
2021-10-04,52.84,53.61,52.59,53.04,90966,0.2,1.02,0.38,1.92,0.51,1
2021-10-01,52.4,53.19,51.97,52.83,138400,0.43,1.22,0.81,2.31,0.61,1
2021-09-30,52.51,53.14,52.19,52.22,124841,-0.29,0.95,-0.56,1.82,0.48,-1
2021-09-29,51.64,52.44,51.37,52.36,86055,0.72,1.07,1.38,2.04,0.54,1
2021-09-28,52.41,52.41,51.23,51.53,95062,-0.88,1.18,-1.71,2.29,0.59,-1
2021-09-27,50.92,52.59,50.92,52.18,195769,1.26,1.67,2.41,3.2,0.84,1
2021-09-24,50.87,51.41,50.77,50.82,65595,-0.05,0.64,-0.1,1.26,0.32,-1
2021-09-23,51.39,51.72,50.9,51.11,105119,-0.28,0.82,-0.55,1.6,0.41,1
2021-09-22,51.32,51.52,50.98,51.06,105359,-0.26,0.54,-0.51,1.06,0.27,1
2021-09-21,51.17,51.49,50.64,50.94,116728,-0.23,0.85,-0.45,1.67,0.43,1
2021-09-20,50.26,50.85,50.0,50.73,120825,0.47,0.85,0.93,1.68,0.43,-1
2021-09-17,51.67,52.56,50.92,51.12,390198,-0.55,1.64,-1.08,3.21,0.82,-1
2021-09-16,51.79,52.16,51.15,51.32,93142,-0.47,1.01,-0.92,1.97,0.5,-1
2021-09-15,52.02,52.7,51.38,51.59,113892,-0.43,1.32,-0.83,2.56,0.66,-1
2021-09-14,52.27,52.62,51.68,51.93,176023,-0.34,0.93,-0.65,1.8,0.47,1
2021-09-13,50.21,51.98,50.21,51.81,192864,1.6,1.77,3.09,3.43,0.89,1
2021-09-10,51.13,51.13,49.81,49.86,76840,-1.27,1.32,-2.55,2.65,0.66,-1
2021-09-09,51.0,51.46,50.66,50.69,90469,-0.31,0.8,-0.61,1.58,0.4,-1
2021-09-08,51.2,51.61,51.0,51.19,75609,-0.01,0.61,-0.02,1.19,0.3,-1
2021-09-07,52.5,52.5,51.3,51.45,78292,-1.05,1.2,-2.04,2.32,0.6,-1
2021-09-03,52.86,52.89,52.35,52.58,83347,-0.28,0.54,-0.53,1.03,0.27,-1
2021-09-02,53.33,53.33,52.72,52.98,72773,-0.35,0.61,-0.66,1.16,0.31,-1
2021-09-01,53.2,53.5,52.08,53.06,88291,-0.14,1.42,-0.26,2.68,0.71,1
2021-08-31,52.56,53.32,52.34,52.9,84556,0.34,0.97,0.64,1.84,0.49,1
2021-08-30,53.99,53.99,52.33,52.62,91357,-1.37,1.66,-2.6,3.15,0.83,-1
2021-08-27,53.31,54.33,53.25,54.1,90855,0.79,1.08,1.46,2.0,0.54,1
2021-08-26,53.77,53.84,52.92,52.97,126668,-0.8,0.92,-1.51,1.74,0.46,-1
2021-08-25,55.0,55.13,53.74,53.77,82687,-1.23,1.39,-2.29,2.58,0.69,-1
2021-08-24,55.0,55.13,54.61,54.94,67137,-0.06,0.52,-0.11,0.95,0.26,-1
2021-08-23,55.32,55.32,54.73,54.96,67020,-0.36,0.59,-0.66,1.07,0.3,-1
2021-08-20,53.96,55.16,53.82,55.01,85181,1.05,1.34,1.91,2.43,0.67,1
2021-08-19,54.09,54.52,53.53,54.09,96930,0.0,0.99,0.0,1.83,0.5,-1
2021-08-18,55.12,55.7,54.54,54.6,74687,-0.52,1.16,-0.95,2.12,0.58,-1
2021-08-17,55.17,55.78,54.81,55.43,46988,0.26,0.97,0.47,1.75,0.48,-1
2021-08-16,55.64,56.27,55.55,55.69,44112,0.05,0.72,0.09,1.29,0.36,-1
2021-08-13,56.83,57.35,55.82,56.08,88267,-0.75,1.53,-1.34,2.73,0.77,-1
2021-08-12,57.51,57.68,56.78,56.94,65461,-0.57,0.91,-1.0,1.59,0.45,-1
2021-08-11,57.15,57.86,56.71,57.6,169521,0.45,1.15,0.78,2.0,0.57,1
2021-08-10,55.76,57.21,55.51,57.18,125437,1.42,1.7,2.48,2.97,0.85,1
2021-08-09,55.64,56.24,55.24,55.79,86159,0.15,0.99,0.27,1.78,0.5,-1
2021-08-06,55.0,56.43,54.87,56.01,128719,1.01,1.56,1.8,2.79,0.78,1
2021-08-05,53.19,54.48,53.15,54.35,89893,1.16,1.33,2.13,2.45,0.66,1
2021-08-04,52.51,53.57,52.51,53.0,101546,0.49,1.06,0.92,2.0,0.53,-1
2021-08-03,55.61,55.61,52.51,53.11,253164,-2.5,3.1,-4.71,5.84,1.55,1
2021-08-02,52.31,53.67,51.1,51.42,141976,-0.89,2.57,-1.73,5.0,1.28,-1
2021-07-30,51.22,52.16,50.82,52.13,395476,0.91,1.34,1.75,2.57,0.67,1
2021-07-29,51.24,51.79,50.99,51.48,186352,0.24,0.8,0.47,1.55,0.4,1
2021-07-28,50.89,51.23,49.75,50.71,103950,-0.18,1.48,-0.35,2.92,0.74,1
2021-07-27,50.0,51.04,49.89,50.66,198086,0.66,1.15,1.3,2.27,0.57,1
2021-07-26,50.33,51.09,49.98,50.55,310714,0.22,1.11,0.44,2.2,0.56,1
2021-07-23,51.33,51.64,49.9,50.03,213832,-1.3,1.74,-2.6,3.48,0.87,-1
2021-07-22,51.66,52.09,50.77,50.84,118165,-0.82,1.32,-1.61,2.6,0.66,-1
2021-07-21,51.73,52.51,51.73,52.0,80018,0.27,0.78,0.52,1.5,0.39,1
2021-07-20,50.54,52.07,50.44,51.17,191149,0.63,1.63,1.23,3.19,0.82,1
2021-07-19,51.47,51.92,50.04,50.31,122865,-1.16,1.88,-2.31,3.74,0.94,-1
2021-07-16,53.0,53.11,52.17,52.31,104435,-0.69,0.94,-1.32,1.8,0.47,-1
2021-07-15,51.74,52.67,51.61,52.66,55843,0.92,1.06,1.75,2.01,0.53,1
2021-07-14,52.28,52.5,51.72,52.06,74364,-0.22,0.78,-0.42,1.51,0.39,-1
2021-07-13,53.01,53.18,51.99,52.08,87426,-0.93,1.2,-1.79,2.29,0.6,-1
2021-07-12,51.16,53.46,51.16,53.41,142863,2.25,2.3,4.21,4.31,1.15,1
2021-07-09,51.22,51.77,50.52,51.73,174317,0.51,1.25,0.99,2.42,0.62,1
2021-07-08,50.25,50.25,49.22,49.4,83378,-0.85,1.03,-1.72,2.09,0.52,-1
2021-07-07,50.33,51.4,50.25,50.35,144616,0.02,1.15,0.04,2.28,0.57,-1
2021-07-06,51.38,51.38,50.3,50.54,164684,-0.84,1.09,-1.66,2.15,0.54,-1
2021-07-02,52.18,52.18,51.38,51.54,119977,-0.64,0.8,-1.24,1.55,0.4,-1
2021-07-01,52.1,52.64,51.62,52.2,110152,0.1,1.02,0.19,1.95,0.51,1
2021-06-30,51.46,51.91,51.46,51.83,96981,0.37,0.45,0.71,0.87,0.22,1
2021-06-29,52.34,52.59,51.61,51.77,156704,-0.57,0.98,-1.1,1.89,0.49,-1
2021-06-28,53.33,53.33,51.05,52.15,190331,-1.18,2.28,-2.26,4.37,1.14,-1
2021-06-25,53.43,53.99,52.71,53.39,487645,-0.04,1.28,-0.07,2.4,0.64,1
2021-06-24,53.18,53.4,52.61,53.38,97570,0.2,0.79,0.37,1.48,0.39,1
2021-06-23,53.03,53.57,52.81,52.92,94428,-0.11,0.76,-0.21,1.44,0.38,-1
2021-06-22,52.69,53.32,52.29,53.16,67442,0.47,1.04,0.88,1.95,0.52,1
2021-06-21,52.34,52.89,52.06,52.76,91519,0.42,0.83,0.8,1.57,0.41,1
2021-06-18,52.41,55.8,51.77,52.05,429273,-0.36,4.03,-0.69,7.74,2.01,-1
2021-06-17,53.38,53.38,51.24,52.05,145415,-1.33,2.14,-2.56,4.11,1.07,-1
2021-06-16,53.86,53.86,53.11,53.31,70949,-0.55,0.75,-1.03,1.41,0.38,-1
2021-06-15,52.96,54.12,52.47,53.81,91263,0.85,1.65,1.58,3.07,0.82,1
2021-06-14,53.09,53.16,52.56,52.98,81780,-0.11,0.59,-0.21,1.12,0.3,-1
2021-06-11,53.3,53.44,52.95,53.21,56855,-0.09,0.49,-0.17,0.92,0.24,-1
2021-06-10,53.4,53.7,52.81,53.24,102064,-0.16,0.89,-0.3,1.67,0.45,1
2021-06-09,53.47,53.7,52.29,53.16,193324,-0.31,1.41,-0.58,2.65,0.71,-1
2021-06-08,53.17,53.84,52.85,53.68,152914,0.51,0.99,0.95,1.85,0.5,1
2021-06-07,53.41,53.78,52.57,53.35,185956,-0.06,1.21,-0.11,2.27,0.61,-1
2021-06-04,53.71,53.75,53.24,53.45,115093,-0.26,0.51,-0.49,0.95,0.25,-1
2021-06-03,54.05,54.32,53.5,53.75,122062,-0.3,0.82,-0.56,1.53,0.41,-1
2021-06-02,54.44,54.63,53.95,54.35,147818,-0.09,0.68,-0.17,1.25,0.34,1
2021-06-01,53.69,54.39,53.02,54.33,135981,0.64,1.38,1.18,2.53,0.69,1
2021-05-28,54.06,54.06,53.07,53.64,105133,-0.42,0.99,-0.78,1.85,0.5,-1
2021-05-27,54.25,54.25,53.69,53.9,146894,-0.35,0.56,-0.65,1.04,0.28,1
2021-05-26,52.85,54.26,52.51,53.6,97504,0.75,1.75,1.4,3.26,0.88,1
2021-05-25,54.23,54.23,52.59,52.74,165395,-1.49,1.64,-2.83,3.11,0.82,-1
2021-05-24,54.69,54.69,53.63,54.11,80776,-0.58,1.06,-1.07,1.96,0.53,-1
2021-05-21,55.61,55.61,54.55,54.69,102026,-0.92,1.06,-1.68,1.94,0.53,-1
2021-05-20,55.84,56.38,54.58,55.08,94654,-0.76,1.8,-1.38,3.26,0.9,-1
2021-05-19,56.53,56.77,55.17,56.41,103859,-0.12,1.6,-0.21,2.84,0.8,-1
2021-05-18,57.51,58.0,56.83,56.84,63346,-0.67,1.17,-1.18,2.06,0.59,-1
2021-05-17,57.82,57.98,56.99,57.71,44741,-0.11,0.98,-0.19,1.71,0.49,-1
2021-05-14,58.2,58.55,57.82,58.25,78994,0.05,0.73,0.09,1.26,0.37,1
2021-05-13,57.16,58.6,57.05,57.98,95915,0.82,1.55,1.41,2.68,0.78,1
2021-05-12,57.42,57.87,56.74,57.28,194364,-0.14,1.13,-0.24,1.97,0.56,1
2021-05-11,57.25,57.62,56.32,57.24,128452,-0.01,1.29,-0.02,2.26,0.65,-1
2021-05-10,57.57,58.29,57.34,57.49,204909,-0.08,0.95,-0.14,1.65,0.47,1
2021-05-07,56.39,57.28,56.06,57.26,71253,0.87,1.22,1.52,2.13,0.61,1
2021-05-06,55.5,57.12,55.3,57.05,237388,1.55,1.82,2.72,3.19,0.91,1
2021-05-05,55.5,55.91,55.4,55.42,161616,-0.08,0.5,-0.14,0.91,0.25,1
2021-05-04,53.56,55.94,52.9,54.95,250346,1.39,3.04,2.53,5.53,1.52,1
2021-05-03,52.87,53.38,52.39,52.9,150214,0.03,0.99,0.06,1.87,0.5,1
2021-04-30,52.57,53.54,51.9,52.18,178939,-0.39,1.64,-0.75,3.14,0.82,-1
2021-04-29,52.52,53.31,52.27,53.0,154681,0.48,1.04,0.91,1.96,0.52,1
2021-04-28,52.17,52.3,51.6,52.15,136860,-0.02,0.7,-0.04,1.34,0.35,1
2021-04-27,52.16,52.46,51.53,52.09,184818,-0.07,0.93,-0.13,1.79,0.46,1
2021-04-26,52.35,52.64,51.79,51.82,89144,-0.53,0.85,-1.02,1.64,0.43,-1
2021-04-23,51.5,52.5,51.24,52.06,134107,0.56,1.26,1.08,2.42,0.63,1
2021-04-22,51.89,52.72,51.76,51.83,197794,-0.06,0.97,-0.12,1.86,0.48,-1
2021-04-21,53.29,54.75,53.23,54.6,115816,1.31,1.52,2.4,2.78,0.76,1
2021-04-20,52.99,53.58,52.67,53.31,185762,0.32,0.91,0.6,1.71,0.45,1
2021-04-19,52.97,53.32,52.4,53.27,77675,0.3,0.92,0.56,1.73,0.46,1
2021-04-16,53.49,53.55,52.71,53.13,93038,-0.36,0.84,-0.68,1.58,0.42,-1
2021-04-15,53.26,53.47,52.51,53.22,81380,-0.04,0.96,-0.08,1.8,0.48,1
2021-04-14,53.28,53.83,52.98,53.04,119554,-0.24,0.85,-0.45,1.6,0.43,1
2021-04-13,52.67,53.37,52.13,52.95,136075,0.28,1.24,0.53,2.34,0.62,-1
2021-04-12,53.3,54.33,53.24,53.24,103344,-0.06,1.09,-0.11,2.05,0.54,-1
2021-04-09,54.72,54.74,53.88,54.03,124819,-0.69,0.86,-1.28,1.59,0.43,-1
2021-04-08,52.63,54.33,52.4,54.3,214264,1.67,1.93,3.08,3.55,0.96,1
2021-04-07,52.72,52.82,51.97,52.72,96935,0.0,0.85,0.0,1.61,0.43,1
2021-04-06,52.25,53.06,52.12,52.63,101004,0.38,0.94,0.72,1.79,0.47,1
2021-04-05,51.84,52.56,51.6,52.22,64097,0.38,0.96,0.73,1.85,0.48,1
2021-04-01,50.32,51.31,50.15,51.29,85090,0.97,1.16,1.89,2.26,0.58,1
2021-03-31,50.01,50.82,49.91,50.32,153179,0.31,0.91,0.62,1.81,0.46,1
2021-03-30,49.92,50.27,49.16,49.98,123610,0.06,1.11,0.12,2.22,0.56,1
2021-03-29,50.47,50.86,49.12,49.69,133431,-0.78,1.74,-1.57,3.5,0.87,-1
2021-03-26,50.86,51.19,50.28,50.79,110295,-0.07,0.91,-0.14,1.79,0.45,1
2021-03-25,49.83,50.56,48.89,50.4,289596,0.57,1.67,1.13,3.31,0.84,1
2021-03-24,50.42,51.15,49.94,50.02,191056,-0.4,1.21,-0.8,2.42,0.61,-1
2021-03-23,51.4,51.4,49.75,50.26,192002,-1.14,1.65,-2.27,3.28,0.82,-1
2021-03-22,52.5,52.5,51.39,51.76,103652,-0.74,1.11,-1.43,2.14,0.55,-1
2021-03-19,53.53,53.54,52.47,52.93,368056,-0.6,1.07,-1.13,2.02,0.54,-1
2021-03-18,53.89,54.02,53.24,53.81,148066,-0.08,0.78,-0.15,1.45,0.39,1
2021-03-17,54.47,54.47,52.73,53.58,124890,-0.89,1.74,-1.66,3.25,0.87,-1
2021-03-16,54.95,55.24,53.4,54.6,187353,-0.35,1.84,-0.64,3.37,0.92,-1
2021-03-15,52.2,54.82,52.09,54.79,268847,2.59,2.73,4.73,4.98,1.36,1
2021-03-12,51.86,52.75,50.9,51.31,143314,-0.55,1.85,-1.07,3.61,0.93,-1
2021-03-11,52.45,52.67,50.92,51.37,165534,-1.08,1.75,-2.1,3.41,0.88,-1
2021-03-10,51.7,52.48,51.13,52.36,185937,0.66,1.35,1.26,2.58,0.68,1
2021-03-09,51.88,52.42,51.03,51.7,217267,-0.18,1.39,-0.35,2.69,0.7,-1
2021-03-08,50.0,52.34,49.9,52.01,194976,2.01,2.44,3.86,4.69,1.22,1
2021-03-05,49.0,49.99,48.73,49.93,188251,0.93,1.26,1.86,2.52,0.63,1
2021-03-04,48.17,49.9,48.17,48.59,235013,0.42,1.73,0.86,3.56,0.86,-1
2021-03-03,46.92,49.36,46.82,48.69,189893,1.77,2.53,3.64,5.21,1.27,1
2021-03-02,46.95,47.52,46.95,47.1,99038,0.15,0.57,0.32,1.21,0.29,-1
2021-03-01,47.08,47.3,46.24,47.25,163785,0.17,1.06,0.36,2.24,0.53,1
2021-02-26,46.05,46.7,45.43,46.21,152553,0.16,1.27,0.35,2.75,0.64,1
2021-02-25,47.12,47.15,45.77,45.89,82055,-1.23,1.38,-2.68,3.01,0.69,-1
2021-02-24,48.04,48.63,47.02,47.15,180049,-0.89,1.61,-1.89,3.41,0.8,-1
2021-02-23,46.19,47.89,46.19,47.75,159623,1.56,1.7,3.27,3.56,0.85,1
2021-02-22,45.03,46.25,44.98,46.12,209928,1.09,1.27,2.36,2.75,0.64,1
2021-02-19,44.9,45.17,44.58,44.96,136485,0.06,0.59,0.13,1.31,0.3,1
2021-02-18,44.77,45.57,44.24,44.63,128406,-0.14,1.33,-0.31,2.98,0.66,-1
2021-02-17,45.0,45.72,44.26,45.2,188119,0.2,1.46,0.44,3.22,0.73,1
2021-02-16,45.0,45.18,43.97,44.42,138925,-0.58,1.21,-1.31,2.72,0.61,-1
2021-02-12,43.67,44.68,43.38,44.65,80996,0.98,1.3,2.19,2.91,0.65,1
2021-02-11,42.37,43.97,42.27,43.79,216166,1.42,1.7,3.24,3.88,0.85,1
2021-02-10,42.6,42.77,41.66,42.25,101876,-0.35,1.11,-0.83,2.63,0.56,-1
2021-02-09,41.99,42.62,41.99,42.3,82527,0.31,0.63,0.73,1.5,0.32,1
2021-02-08,41.28,41.87,41.16,41.7,112006,0.42,0.71,1.01,1.7,0.36,1
2021-02-05,42.11,42.49,41.04,41.31,121619,-0.8,1.45,-1.94,3.5,0.72,-1
2021-02-04,40.93,42.1,40.88,41.89,165160,0.96,1.21,2.29,2.9,0.61,1
2021-02-03,41.11,41.3,39.74,40.92,157612,-0.19,1.56,-0.46,3.81,0.78,-1
2021-02-02,40.67,41.36,40.01,41.29,92509,0.62,1.35,1.5,3.27,0.68,1
2021-02-01,40.62,40.91,39.83,40.67,77008,0.05,1.08,0.12,2.66,0.54,1
2021-01-29,41.7,41.92,40.33,40.35,145045,-1.35,1.59,-3.35,3.94,0.8,-1
2021-01-28,44.06,44.06,41.47,41.7,181952,-2.36,2.59,-5.66,6.21,1.3,-1
2021-01-27,43.63,44.01,42.82,43.43,186977,-0.2,1.19,-0.46,2.74,0.59,-1
2021-01-26,45.08,45.08,44.13,44.44,129748,-0.64,0.95,-1.44,2.14,0.47,-1
2021-01-25,44.19,44.76,43.77,44.74,115166,0.55,0.99,1.23,2.21,0.49,1
2021-01-22,43.72,44.69,43.23,44.66,121654,0.94,1.46,2.1,3.27,0.73,1
2021-01-21,44.94,45.09,43.94,44.41,151466,-0.53,1.16,-1.19,2.6,0.58,-1
2021-01-20,45.1,45.82,44.89,44.94,83386,-0.16,0.93,-0.36,2.07,0.46,-1
2021-01-19,45.81,45.9,44.8,45.31,153240,-0.5,1.1,-1.1,2.44,0.55,-1
2021-01-15,45.56,46.63,45.28,45.34,141759,-0.22,1.35,-0.49,2.98,0.68,-1
2021-01-14,46.24,46.66,45.79,46.29,112680,0.05,0.87,0.11,1.87,0.43,1
2021-01-13,44.97,46.04,44.73,45.92,76403,0.95,1.31,2.07,2.85,0.66,1
2021-01-12,44.56,45.39,44.56,45.3,130265,0.74,0.83,1.63,1.83,0.41,1
2021-01-11,44.73,45.21,44.22,44.58,80424,-0.15,0.99,-0.34,2.22,0.49,-1
2021-01-08,46.04,46.04,44.71,45.21,109965,-0.83,1.33,-1.84,2.94,0.66,-1
2021-01-07,46.54,46.78,45.63,45.85,80010,-0.69,1.15,-1.5,2.51,0.57,-1
2021-01-06,44.64,46.87,44.64,46.12,143099,1.48,2.23,3.21,4.84,1.11,1
2021-01-05,43.01,44.06,42.79,43.51,150397,0.5,1.27,1.15,2.91,0.63,1
2021-01-04,44.19,44.19,42.11,42.91,110785,-1.28,2.08,-2.98,4.85,1.04,-1
2020-12-31,43.68,44.16,43.25,43.7,72721,0.02,0.91,0.05,2.08,0.45,-1
2020-12-30,42.81,44.0,42.59,43.77,103849,0.96,1.41,2.19,3.22,0.7,1
2020-12-29,43.72,43.72,42.57,42.86,59497,-0.86,1.15,-2.01,2.68,0.57,-1
2020-12-28,43.43,43.93,42.83,43.52,91222,0.09,1.1,0.21,2.53,0.55,1
2020-12-24,43.47,43.47,42.73,42.9,39758,-0.57,0.74,-1.33,1.72,0.37,-1
2020-12-23,42.94,43.29,42.14,43.1,78051,0.16,1.16,0.37,2.68,0.58,1
2020-12-22,42.56,43.0,42.26,42.56,90010,0.0,0.75,0.0,1.75,0.37,-1
2020-12-21,43.02,43.03,42.12,42.66,84577,-0.36,0.91,-0.84,2.13,0.46,-1
2020-12-18,44.44,44.44,43.16,43.59,385739,-0.85,1.28,-1.95,2.94,0.64,-1
2020-12-17,44.3,44.41,43.3,44.31,77134,0.01,1.11,0.02,2.51,0.55,1
2020-12-16,44.19,44.83,43.7,44.22,106553,0.03,1.13,0.07,2.56,0.56,-1
2020-12-15,44.61,44.85,43.49,44.22,131025,-0.39,1.36,-0.88,3.08,0.68,1
2020-12-14,45.28,45.28,44.19,44.19,188141,-1.09,1.09,-2.47,2.47,0.55,-1
2020-12-11,43.35,44.88,43.35,44.62,106555,1.27,1.53,2.85,3.43,0.77,1
2020-12-10,44.29,44.73,43.2,43.93,201140,-0.36,1.53,-0.82,3.48,0.76,-1
2020-12-09,45.65,45.96,44.06,44.69,133036,-0.96,1.9,-2.15,4.25,0.95,-1
2020-12-08,44.19,45.83,44.06,45.51,225327,1.32,1.77,2.9,3.89,0.88,1
2020-12-07,43.8,44.9,43.27,44.8,204288,1.0,1.63,2.23,3.63,0.81,1
2020-12-04,42.66,44.13,42.17,44.12,206319,1.46,1.96,3.31,4.44,0.98,1
2020-12-03,41.96,42.51,40.84,42.21,74512,0.25,1.67,0.59,3.96,0.83,1
2020-12-02,40.86,42.09,40.52,41.74,134101,0.88,1.57,2.11,3.76,0.79,1
2020-12-01,40.05,40.95,39.81,40.93,124294,0.88,1.14,2.15,2.78,0.57,1
2020-11-30,41.33,41.68,39.05,39.19,247227,-2.14,2.63,-5.46,6.71,1.32,-1
2020-11-27,42.08,42.08,40.95,41.91,58305,-0.17,1.13,-0.41,2.7,0.56,-1
2020-11-25,42.07,42.75,41.03,42.35,98319,0.28,1.72,0.66,4.06,0.86,-1
2020-11-24,42.04,42.74,41.2,42.53,104376,0.49,1.54,1.15,3.62,0.77,1
2020-11-23,40.77,41.36,40.48,41.18,89197,0.41,0.88,1.0,2.14,0.44,1
2020-11-20,39.91,40.54,39.4,40.21,164235,0.3,1.14,0.75,2.84,0.57,-1
2020-11-19,41.02,41.27,39.96,40.34,148709,-0.68,1.31,-1.69,3.25,0.66,-1
2020-11-18,42.73,42.95,41.63,41.75,168032,-0.98,1.32,-2.35,3.16,0.66,-1
2020-11-17,41.97,43.0,41.92,42.39,112606,0.42,1.08,0.99,2.55,0.54,-1
2020-11-16,42.24,43.12,41.95,42.69,130461,0.45,1.17,1.05,2.74,0.58,1
2020-11-13,40.03,41.5,39.87,40.88,126439,0.85,1.63,2.08,3.99,0.82,1
2020-11-12,39.53,39.58,38.96,39.52,139359,-0.01,0.62,-0.03,1.57,0.31,-1
2020-11-11,41.17,41.17,39.48,40.29,133793,-0.88,1.69,-2.18,4.18,0.84,-1
2020-11-10,39.8,42.2,39.69,41.68,153479,1.88,2.51,4.51,6.02,1.26,1
2020-11-09,39.21,40.78,38.35,39.29,238933,0.08,2.43,0.2,6.18,1.21,1
2020-11-06,37.15,37.2,36.59,36.73,148198,-0.42,0.61,-1.14,1.66,0.3,-1
2020-11-05,36.55,37.44,36.31,37.02,90144,0.47,1.13,1.27,3.05,0.56,1
2020-11-04,37.22,38.09,36.27,36.51,150060,-0.71,1.82,-1.94,4.98,0.91,-1
2020-11-03,38.65,38.66,37.16,38.23,206156,-0.42,1.5,-1.1,3.94,0.75,1
2020-11-02,36.37,37.54,36.25,37.43,119096,1.06,1.29,2.83,3.45,0.64,1
2020-10-30,36.47,36.47,35.32,35.68,210203,-0.79,1.15,-2.21,3.22,0.57,-1
2020-10-29,35.5,36.73,35.17,36.48,109210,0.98,1.56,2.69,4.28,0.78,1
2020-10-28,35.16,36.17,35.16,35.73,122330,0.57,1.01,1.6,2.83,0.51,-1
2020-10-27,37.29,37.39,36.01,36.04,206980,-1.25,1.38,-3.47,3.83,0.69,-1
2020-10-26,37.03,37.84,36.78,37.56,152756,0.53,1.06,1.41,2.82,0.53,-1
2020-10-23,37.59,37.79,37.13,37.7,113083,0.11,0.66,0.29,1.75,0.33,1
2020-10-22,36.98,37.25,36.46,37.19,140739,0.21,0.79,0.56,2.13,0.4,1
2020-10-21,36.0,37.2,35.86,36.97,76959,0.97,1.34,2.62,3.62,0.67,1
2020-10-20,35.64,36.15,35.36,35.83,84642,0.19,0.79,0.53,2.2,0.39,1
2020-10-19,35.8,35.85,35.0,35.12,93069,-0.68,0.85,-1.94,2.42,0.43,-1
2020-10-16,35.5,35.94,35.04,35.62,121562,0.12,0.89,0.34,2.51,0.45,-1
2020-10-15,35.15,35.73,34.64,35.65,100339,0.5,1.09,1.4,3.06,0.54,1
2020-10-14,35.58,36.13,35.06,35.22,189215,-0.36,1.08,-1.02,3.05,0.54,-1
2020-10-13,37.0,37.12,35.49,35.49,157600,-1.51,1.63,-4.25,4.61,0.82,-1
2020-10-12,36.65,37.74,36.27,37.28,207103,0.63,1.47,1.69,3.94,0.73,1
2020-10-09,37.07,37.28,36.3,36.84,88076,-0.23,0.98,-0.62,2.65,0.49,-1
2020-10-08,36.73,37.52,36.5,37.05,107500,0.32,1.02,0.86,2.75,0.51,1
2020-10-07,35.75,36.34,35.26,36.22,108638,0.47,1.09,1.3,3.0,0.54,1
2020-10-06,36.11,36.35,35.15,35.5,140697,-0.61,1.2,-1.72,3.39,0.6,-1
2020-10-05,35.13,35.68,35.05,35.52,116365,0.39,0.63,1.1,1.77,0.32,1
2020-10-02,33.55,34.93,33.55,34.67,173594,1.12,1.38,3.23,3.98,0.69,1
2020-10-01,34.05,34.63,33.68,34.1,135317,0.05,0.95,0.15,2.79,0.48,-1
2020-09-30,34.35,35.18,34.06,34.43,113440,0.08,1.12,0.23,3.25,0.56,1
2020-09-29,34.99,34.99,33.56,34.26,72741,-0.73,1.43,-2.13,4.17,0.71,-1
2020-09-28,34.21,35.38,34.21,35.03,123789,0.82,1.17,2.34,3.34,0.59,1
2020-09-25,33.28,33.83,33.13,33.66,103845,0.38,0.7,1.13,2.08,0.35,1
2020-09-24,32.99,33.78,32.59,33.51,129066,0.52,1.19,1.55,3.55,0.59,1
2020-09-23,34.42,34.85,32.86,32.9,166008,-1.52,1.99,-4.62,6.05,1.0,-1
2020-09-22,34.5,35.18,34.12,34.34,146320,-0.16,1.06,-0.47,3.09,0.53,-1
2020-09-21,34.81,34.87,33.78,34.56,278394,-0.25,1.09,-0.72,3.15,0.54,-1
2020-09-18,36.81,37.78,35.47,35.87,577141,-0.94,2.31,-2.62,6.44,1.16,1
2020-09-17,34.65,35.77,34.53,35.59,169012,0.94,1.24,2.64,3.47,0.62,1
2020-09-16,35.65,35.65,34.86,34.87,208616,-0.78,0.79,-2.24,2.27,0.39,-1
2020-09-15,35.93,36.22,35.21,35.64,143631,-0.29,1.01,-0.81,2.83,0.5,-1
2020-09-14,35.59,36.28,35.3,35.99,149241,0.4,0.98,1.11,2.71,0.49,1
2020-09-11,35.51,35.68,34.89,35.2,116926,-0.31,0.79,-0.88,2.24,0.39,-1
2020-09-10,36.21,36.33,35.35,35.39,99975,-0.82,0.98,-2.32,2.77,0.49,-1
2020-09-09,36.31,36.75,35.82,36.13,100682,-0.18,0.93,-0.5,2.57,0.46,1
2020-09-08,36.89,36.89,35.75,35.97,138916,-0.92,1.14,-2.56,3.17,0.57,-1
2020-09-04,37.81,37.81,36.68,37.31,124545,-0.5,1.13,-1.34,3.03,0.57,1
2020-09-03,37.88,38.6,36.78,36.93,172424,-0.95,1.82,-2.57,4.93,0.91,-1
2020-09-02,37.11,37.9,37.1,37.61,160750,0.5,0.8,1.33,2.13,0.4,1
2020-09-01,36.84,37.18,36.52,37.14,91479,0.3,0.66,0.81,1.78,0.33,-1
2020-08-31,37.33,37.5,36.64,37.14,218246,-0.19,0.86,-0.51,2.32,0.43,-1
2020-08-28,37.46,37.59,36.75,37.39,139402,-0.07,0.84,-0.19,2.25,0.42,1
2020-08-27,35.73,37.49,35.73,37.12,183810,1.39,1.76,3.74,4.74,0.88,1
2020-08-26,36.0,36.0,35.11,35.8,145954,-0.2,0.89,-0.56,2.49,0.45,-1
2020-08-25,36.03,36.32,35.9,36.16,82248,0.13,0.42,0.36,1.16,0.21,1
2020-08-24,35.09,35.9,34.82,35.8,92068,0.71,1.08,1.98,3.02,0.54,1
2020-08-21,34.63,34.94,34.2,34.82,125585,0.19,0.74,0.55,2.13,0.37,-1
2020-08-20,35.0,35.29,34.82,34.93,70126,-0.07,0.47,-0.2,1.35,0.23,-1
2020-08-19,35.65,36.09,35.47,35.58,89933,-0.07,0.62,-0.2,1.74,0.31,-1
2020-08-18,35.76,35.95,35.28,35.68,111134,-0.08,0.67,-0.22,1.88,0.34,1
2020-08-17,36.31,36.31,34.78,35.34,119880,-0.97,1.54,-2.74,4.34,0.77,-1
2020-08-14,35.57,37.13,35.54,36.38,117222,0.81,1.59,2.23,4.37,0.8,1
2020-08-13,36.57,36.87,35.84,36.02,131268,-0.55,1.03,-1.53,2.87,0.52,-1
2020-08-12,37.33,37.33,36.15,36.46,147735,-0.87,1.18,-2.39,3.24,0.59,-1
2020-08-11,37.57,37.9,36.46,36.54,202897,-1.03,1.45,-2.82,3.95,0.72,1
2020-08-10,36.0,36.67,35.96,36.51,149836,0.51,0.71,1.4,1.94,0.36,1
2020-08-07,34.14,35.94,34.14,35.65,155936,1.51,1.8,4.24,5.05,0.9,1
2020-08-06,33.4,34.67,33.27,34.49,177049,1.09,1.4,3.16,4.06,0.7,1
2020-08-05,33.79,34.15,33.25,33.51,399709,-0.28,0.9,-0.84,2.69,0.45,1
2020-08-04,33.82,35.04,32.54,33.28,309256,-0.54,2.5,-1.62,7.51,1.25,-1
2020-08-03,33.86,34.8,33.52,34.74,227252,0.88,1.28,2.53,3.68,0.64,1
2020-07-31,33.04,33.52,32.91,33.51,285161,0.47,0.61,1.4,1.82,0.31,1
2020-07-30,33.91,33.94,33.2,33.28,264066,-0.63,0.74,-1.89,2.22,0.37,-1
2020-07-29,34.24,34.93,34.24,34.9,159225,0.66,0.69,1.89,1.98,0.34,1
2020-07-28,34.03,35.08,34.03,34.41,170516,0.38,1.05,1.1,3.04,0.52,-1
2020-07-27,34.1,34.87,33.63,34.44,169798,0.34,1.24,0.99,3.6,0.62,1
2020-07-24,34.66,34.9,34.01,34.24,141492,-0.42,0.89,-1.23,2.6,0.45,-1
2020-07-23,34.24,34.95,34.09,34.49,198240,0.25,0.86,0.72,2.49,0.43,1
2020-07-22,33.64,34.23,33.34,34.16,172630,0.52,0.89,1.52,2.61,0.44,-1
2020-07-21,33.56,34.66,33.35,34.18,179856,0.62,1.31,1.81,3.83,0.65,1
2020-07-20,33.73,33.93,32.16,33.12,161097,-0.61,1.77,-1.84,5.34,0.89,-1
2020-07-17,34.86,34.99,34.2,34.21,118104,-0.65,0.79,-1.9,2.31,0.39,-1
2020-07-16,34.2,35.14,34.08,34.83,156617,0.63,1.06,1.81,3.04,0.53,1
2020-07-15,34.51,35.2,34.16,34.62,135362,0.11,1.04,0.32,3.0,0.52,1
2020-07-14,32.61,33.5,32.28,33.31,133080,0.7,1.22,2.1,3.66,0.61,1
2020-07-13,33.74,33.74,32.22,32.48,237910,-1.26,1.52,-3.88,4.68,0.76,-1
2020-07-10,31.34,33.37,31.34,33.15,112866,1.81,2.03,5.46,6.12,1.01,1
2020-07-09,32.66,33.27,31.21,31.23,138998,-1.43,2.06,-4.58,6.6,1.03,-1
2020-07-08,32.49,33.12,31.66,32.91,155158,0.42,1.46,1.28,4.44,0.73,1
2020-07-07,33.33,33.42,32.45,32.56,143519,-0.77,0.97,-2.36,2.98,0.48,-1
2020-07-06,33.99,35.26,33.1,33.85,227356,-0.14,2.16,-0.41,6.38,1.08,1
2020-07-02,34.84,35.27,33.58,33.75,192136,-1.09,1.69,-3.23,5.01,0.85,-1
2020-07-01,34.91,35.37,33.51,33.77,166002,-1.14,1.86,-3.38,5.51,0.93,-1
2020-06-30,34.72,35.24,34.25,34.83,169066,0.11,0.99,0.32,2.84,0.5,-1
2020-06-29,33.15,35.02,32.86,34.95,284836,1.8,2.16,5.15,6.18,1.08,1
2020-06-26,33.83,33.83,31.5,32.55,392214,-1.28,2.33,-3.93,7.16,1.16,-1
2020-06-25,31.43,33.88,31.01,33.88,263625,2.45,2.87,7.23,8.47,1.44,1
2020-06-24,32.33,32.61,31.04,31.5,292298,-0.83,1.57,-2.63,4.98,0.79,-1
2020-06-23,33.11,33.24,32.06,32.74,249537,-0.37,1.18,-1.13,3.6,0.59,1
2020-06-22,32.59,32.78,31.93,32.5,321726,-0.09,0.85,-0.28,2.62,0.43,-1
2020-06-19,33.57,33.86,32.02,32.95,908422,-0.62,1.84,-1.88,5.58,0.92,-1
2020-06-18,33.12,34.55,32.92,33.35,323207,0.23,1.63,0.69,4.89,0.81,-1
2020-06-17,35.04,35.04,33.42,33.6,162543,-1.44,1.62,-4.29,4.82,0.81,-1
2020-06-16,36.02,37.2,34.95,35.12,377917,-0.9,2.25,-2.56,6.41,1.12,1
2020-06-15,32.58,34.61,32.55,34.57,283151,1.99,2.06,5.76,5.96,1.03,1
2020-06-12,34.94,35.1,32.83,34.07,268311,-0.87,2.27,-2.55,6.66,1.14,1
2020-06-11,33.35,34.09,33.0,33.33,410754,-0.02,1.09,-0.06,3.27,0.55,-1
2020-06-10,36.57,36.72,35.25,35.37,293532,-1.2,1.47,-3.39,4.16,0.73,-1
2020-06-09,36.97,37.93,36.5,36.98,315442,0.01,1.43,0.03,3.87,0.71,-1
2020-06-08,38.22,38.66,37.65,37.92,304163,-0.3,1.01,-0.79,2.66,0.5,1
2020-06-05,36.86,37.47,35.8,36.98,264674,0.12,1.67,0.32,4.52,0.84,1
2020-06-04,34.61,35.5,33.86,34.74,325750,0.13,1.64,0.37,4.72,0.82,1
2020-06-03,33.38,35.43,33.37,34.61,237812,1.23,2.06,3.55,5.95,1.03,1
2020-06-02,32.3,33.11,31.97,32.37,384196,0.07,1.14,0.22,3.52,0.57,1
2020-06-01,30.71,31.91,30.32,31.62,237477,0.91,1.59,2.88,5.03,0.8,1
2020-05-29,33.64,33.71,30.47,30.69,422981,-2.95,3.24,-9.61,10.56,1.62,-1
2020-05-28,34.52,34.88,33.24,34.12,2183958,-0.4,1.64,-1.17,4.81,0.82,-1
2020-05-27,33.26,34.68,32.91,34.56,761226,1.3,1.77,3.76,5.12,0.89,1
2020-05-26,31.79,33.21,31.79,32.7,305665,0.91,1.42,2.78,4.34,0.71,1
2020-05-22,30.6,30.86,29.96,30.35,395953,-0.25,0.9,-0.82,2.97,0.45,-1
2020-05-21,30.25,30.93,30.25,30.39,332186,0.14,0.68,0.46,2.24,0.34,-1
2020-05-20,30.49,30.97,30.18,30.56,309214,0.07,0.79,0.23,2.59,0.39,1
2020-05-19,31.7,31.79,29.99,30.0,400194,-1.7,1.8,-5.67,6.0,0.9,-1
2020-05-18,29.02,31.6,29.02,31.39,267109,2.37,2.58,7.55,8.22,1.29,1
2020-05-15,27.15,28.6,26.53,28.22,333603,1.07,2.07,3.79,7.34,1.04,1
2020-05-14,26.31,27.0,25.0,26.12,302164,-0.19,2.0,-0.73,7.66,1.0,-1
2020-05-13,29.24,29.31,27.09,27.18,213211,-2.06,2.22,-7.58,8.17,1.11,-1
2020-05-12,30.59,30.81,29.69,29.76,229654,-0.83,1.12,-2.79,3.76,0.56,-1
2020-05-11,32.97,33.43,30.75,30.75,278371,-2.22,2.68,-7.22,8.72,1.34,-1
2020-05-08,32.89,34.23,31.61,33.59,233264,0.7,2.62,2.08,7.8,1.31,1
2020-05-07,31.8,32.48,31.37,31.77,204253,-0.03,1.11,-0.09,3.49,0.55,1
2020-05-06,32.49,32.81,31.03,31.14,184163,-1.35,1.78,-4.34,5.72,0.89,-1
2020-05-05,33.5,34.27,32.19,32.19,230195,-1.31,2.08,-4.07,6.46,1.04,-1
2020-05-04,31.01,32.91,30.87,32.81,268586,1.8,2.04,5.49,6.22,1.02,1
2020-05-01,34.5,34.5,31.21,31.57,264392,-2.93,3.29,-9.28,10.42,1.64,-1
2020-04-30,35.4,36.45,33.64,35.36,219178,-0.04,2.81,-0.11,7.95,1.41,-1
2020-04-29,35.75,37.28,34.51,36.42,310732,0.67,2.77,1.84,7.61,1.39,1
2020-04-28,34.73,35.51,34.06,34.85,195813,0.12,1.45,0.34,4.16,0.72,1
2020-04-27,32.32,33.94,32.22,33.67,228533,1.35,1.72,4.01,5.11,0.86,1
2020-04-24,33.08,33.15,31.54,32.05,212048,-1.03,1.61,-3.21,5.02,0.8,-1
2020-04-23,31.91,33.9,31.91,32.78,291664,0.87,1.99,2.65,6.07,0.99,1
2020-04-22,35.4,35.88,32.19,32.53,796656,-2.87,3.69,-8.82,11.34,1.85,-1
2020-04-21,34.13,35.22,34.13,34.74,304663,0.61,1.09,1.76,3.14,0.54,-1
2020-04-20,34.08,35.36,33.68,35.13,388494,1.05,1.68,2.99,4.78,0.84,1
2020-04-17,33.97,35.6,33.79,34.89,488517,0.92,1.81,2.64,5.19,0.91,1
2020-04-16,34.68,34.7,32.68,33.07,358683,-1.61,2.02,-4.87,6.11,1.01,-1
2020-04-15,36.35,36.83,34.86,35.06,200789,-1.29,1.97,-3.68,5.62,0.98,-1
2020-04-14,38.76,39.11,37.19,37.26,149625,-1.5,1.92,-4.03,5.15,0.96,-1
2020-04-13,38.59,39.61,36.96,37.38,175363,-1.21,2.65,-3.24,7.09,1.32,-1
2020-04-09,36.81,39.59,36.17,39.15,185239,2.34,3.42,5.98,8.74,1.71,1
2020-04-08,36.03,36.39,35.35,35.58,226259,-0.45,1.04,-1.26,2.92,0.52,1
2020-04-07,36.27,37.57,35.03,35.3,243118,-0.97,2.54,-2.75,7.2,1.27,1
2020-04-06,33.58,35.64,33.4,35.02,303824,1.44,2.24,4.11,6.4,1.12,1
2020-04-03,32.66,33.43,31.87,32.75,232143,0.09,1.56,0.27,4.76,0.78,-1
2020-04-02,34.54,35.11,31.95,33.05,292587,-1.49,3.16,-4.51,9.56,1.58,-1
2020-04-01,35.43,35.78,34.49,35.0,384125,-0.43,1.29,-1.23,3.69,0.64,-1
2020-03-31,34.81,37.13,34.22,37.06,398274,2.25,2.91,6.07,7.85,1.46,1
2020-03-30,34.84,35.94,34.25,35.07,526486,0.23,1.69,0.66,4.82,0.84,1
2020-03-27,35.86,36.0,34.26,34.86,414284,-1.0,1.74,-2.87,4.99,0.87,-1
2020-03-26,39.69,40.69,36.12,37.39,276515,-2.3,4.57,-6.15,12.22,2.28,-1
2020-03-25,37.79,41.57,37.67,39.29,575518,1.5,3.9,3.82,9.93,1.95,1
2020-03-24,36.19,38.69,36.0,38.03,337056,1.84,2.69,4.84,7.07,1.34,1
2020-03-23,33.61,34.97,32.22,34.52,410783,0.91,2.75,2.64,7.97,1.38,1
2020-03-20,32.42,34.46,31.44,33.69,443872,1.27,3.02,3.77,8.96,1.51,1
2020-03-19,31.27,33.35,30.02,32.27,347740,1.0,3.33,3.1,10.32,1.67,1
2020-03-18,32.95,33.26,27.41,31.0,451494,-1.95,5.85,-6.29,18.87,2.92,-1
2020-03-17,33.71,36.35,32.99,35.05,410540,1.34,3.36,3.82,9.59,1.68,1
2020-03-16,32.33,34.21,32.12,32.61,418422,0.28,2.09,0.86,6.41,1.05,-1
2020-03-13,37.44,37.72,32.63,35.8,387423,-1.64,5.09,-4.58,14.22,2.54,1
2020-03-12,37.19,37.72,34.66,35.37,333399,-1.82,3.06,-5.15,8.65,1.53,-1
2020-03-11,42.82,43.03,39.22,39.55,176830,-3.27,3.81,-8.27,9.63,1.91,-1
2020-03-10,44.88,45.11,42.58,43.83,294679,-1.05,2.53,-2.4,5.77,1.27,1
2020-03-09,45.12,45.45,41.12,43.75,309168,-1.37,4.33,-3.13,9.9,2.17,-1
2020-03-06,49.28,49.6,46.75,48.01,282197,-1.27,2.85,-2.65,5.94,1.43,-1
2020-03-05,53.08,53.35,49.93,50.78,191014,-2.3,3.42,-4.53,6.73,1.71,-1
2020-03-04,54.92,55.19,53.91,54.26,217689,-0.66,1.28,-1.22,2.36,0.64,1
2020-03-03,57.2,57.7,53.67,54.22,168792,-2.98,4.03,-5.5,7.43,2.02,-1
2020-03-02,56.35,57.57,55.8,57.49,271386,1.14,1.77,1.98,3.08,0.89,1
2020-02-28,56.38,57.58,55.46,56.26,411428,-0.12,2.12,-0.21,3.77,1.06,-1
2020-02-27,59.94,60.83,58.45,58.45,233544,-1.49,2.38,-2.55,4.07,1.19,-1
2020-02-26,60.87,61.65,60.57,60.88,201935,0.01,1.08,0.02,1.77,0.54,1
2020-02-25,61.59,63.29,60.32,60.48,276939,-1.11,2.97,-1.84,4.91,1.48,-1
2020-02-24,61.08,62.1,61.08,61.9,120861,0.82,1.02,1.32,1.65,0.51,-1
2020-02-21,62.46,62.81,61.41,62.65,113566,0.19,1.4,0.3,2.23,0.7,1
2020-02-20,62.69,63.25,61.77,62.32,125046,-0.37,1.48,-0.59,2.37,0.74,-1
2020-02-19,62.96,63.44,62.86,62.92,223832,-0.04,0.58,-0.06,0.92,0.29,-1
2020-02-18,63.31,63.85,62.94,63.0,105039,-0.31,0.91,-0.49,1.44,0.46,-1
2020-02-14,64.17,64.25,62.79,63.61,127091,-0.56,1.46,-0.88,2.3,0.73,-1
2020-02-13,65.38,66.01,61.67,64.14,471230,-1.24,4.34,-1.93,6.77,2.17,-1
2020-02-12,67.04,67.04,66.09,66.46,85879,-0.58,0.95,-0.87,1.43,0.48,-1
2020-02-11,67.31,67.99,66.38,66.66,90888,-0.65,1.61,-0.98,2.42,0.8,-1
2020-02-10,67.02,67.42,66.1,67.03,89369,0.01,1.32,0.01,1.97,0.66,-1
2020-02-07,67.49,67.97,66.94,67.3,93551,-0.19,1.03,-0.28,1.53,0.52,-1
2020-02-06,67.28,67.99,67.06,67.71,59243,0.43,0.93,0.64,1.37,0.46,1
2020-02-05,65.9,67.32,65.56,67.06,146789,1.16,1.76,1.73,2.62,0.88,1
2020-02-04,66.54,66.79,65.2,65.29,104423,-1.25,1.59,-1.91,2.44,0.8,-1
2020-02-03,66.04,66.64,65.82,65.86,92217,-0.18,0.82,-0.27,1.25,0.41,1
2020-01-31,66.06,67.11,65.56,65.6,168608,-0.46,1.55,-0.7,2.36,0.77,-1
2020-01-30,65.13,66.4,65.07,66.36,90310,1.23,1.33,1.85,2.0,0.67,1
2020-01-29,66.43,66.52,65.55,65.63,132783,-0.8,0.97,-1.22,1.48,0.48,-1
2020-01-28,66.41,66.68,65.97,66.39,141744,-0.02,0.71,-0.03,1.07,0.36,1
2020-01-27,66.11,66.6,65.6,65.81,142352,-0.3,1.0,-0.46,1.52,0.5,-1
2020-01-24,68.72,68.72,66.65,66.81,173442,-1.91,2.07,-2.86,3.1,1.03,-1
2020-01-23,69.62,69.62,68.27,68.73,185731,-0.89,1.35,-1.29,1.96,0.68,-1
2020-01-22,69.61,70.41,69.38,69.77,98709,0.16,1.03,0.23,1.48,0.52,1
2020-01-21,69.97,70.02,69.1,69.55,114874,-0.42,0.92,-0.6,1.32,0.46,-1
2020-01-17,70.0,70.44,69.53,70.11,159313,0.11,0.91,0.16,1.3,0.45,1
2020-01-16,69.34,69.75,69.2,69.62,119360,0.28,0.55,0.4,0.79,0.27,1
2020-01-15,68.65,69.45,68.49,68.92,131032,0.27,0.96,0.39,1.39,0.48,-1
2020-01-14,68.76,69.58,68.6,69.03,153134,0.27,0.98,0.39,1.42,0.49,1
2020-01-13,68.6,69.28,68.57,68.91,106149,0.31,0.71,0.45,1.03,0.36,1
2020-01-10,68.33,68.87,68.21,68.44,91673,0.11,0.66,0.16,0.96,0.33,-1
2020-01-09,68.2,68.88,67.97,68.54,108914,0.34,0.91,0.5,1.33,0.45,1
2020-01-08,67.61,68.3,67.61,67.78,141747,0.17,0.69,0.25,1.02,0.34,-1
2020-01-07,67.37,67.9,67.17,67.85,130077,0.48,0.73,0.71,1.08,0.37,-1
2020-01-06,66.66,68.1,65.63,67.9,124031,1.24,2.47,1.83,3.64,1.23,1
2020-01-03,66.28,67.3,66.26,67.25,129650,0.97,1.04,1.44,1.55,0.52,1
2020-01-02,66.25,67.17,65.97,66.96,118034,0.71,1.2,1.06,1.79,0.6,1
2019-12-31,65.7,66.26,65.69,65.75,119948,0.05,0.57,0.08,0.87,0.29,1
2019-12-30,65.85,65.85,65.29,65.74,82722,-0.11,0.56,-0.17,0.85,0.28,1
2019-12-27,66.02,66.03,65.34,65.65,95014,-0.37,0.69,-0.56,1.05,0.34,-1
2019-12-26,66.11,66.21,65.47,65.86,92550,-0.25,0.74,-0.38,1.12,0.37,-1
2019-12-24,64.96,66.42,64.96,66.22,75242,1.26,1.46,1.9,2.2,0.73,1
2019-12-23,66.29,66.29,64.14,64.57,161073,-1.72,2.15,-2.66,3.33,1.08,-1
2019-12-20,67.1,67.42,66.12,66.23,222486,-0.87,1.3,-1.31,1.96,0.65,-1
2019-12-19,66.49,67.28,66.02,66.81,141144,0.32,1.26,0.48,1.89,0.63,1
2019-12-18,66.69,66.82,65.92,66.58,153229,-0.11,0.9,-0.17,1.35,0.45,-1
2019-12-17,66.23,66.73,65.81,66.65,101116,0.42,0.92,0.63,1.38,0.46,1
2019-12-16,65.66,66.99,65.33,66.31,108764,0.65,1.66,0.98,2.5,0.83,1
2019-12-13,66.73,66.73,65.0,65.29,125758,-1.44,1.73,-2.21,2.65,0.87,-1
2019-12-12,64.54,67.21,64.53,66.8,196832,2.26,2.68,3.38,4.01,1.34,1
2019-12-11,64.41,64.88,63.83,64.42,212181,0.01,1.05,0.02,1.63,0.52,1
2019-12-10,64.4,64.73,63.77,64.41,278934,0.01,0.96,0.02,1.49,0.48,1
2019-12-09,64.41,65.12,64.18,64.29,276740,-0.12,0.94,-0.19,1.46,0.47,-1
2019-12-06,63.82,65.16,63.38,64.56,152158,0.74,1.78,1.15,2.76,0.89,1
2019-12-05,63.13,63.37,62.79,63.18,132516,0.05,0.58,0.08,0.92,0.29,-1
2019-12-04,63.46,63.71,62.76,63.24,224167,-0.22,0.95,-0.35,1.5,0.48,-1
2019-12-03,64.69,64.69,62.43,63.64,245984,-1.05,2.26,-1.65,3.55,1.13,-1
2019-12-02,65.97,65.97,64.82,65.25,261073,-0.72,1.15,-1.1,1.76,0.58,-1
2019-11-29,65.16,65.94,65.16,65.78,103689,0.62,0.78,0.94,1.19,0.39,1
2019-11-27,65.98,67.29,65.11,65.67,1363580,-0.31,2.18,-0.47,3.32,1.09,-1
2019-11-26,63.78,66.56,63.78,66.0,512342,2.22,2.78,3.36,4.21,1.39,1
2019-11-25,63.42,64.06,62.99,63.56,214127,0.14,1.07,0.22,1.68,0.54,1
2019-11-22,61.92,63.24,61.77,63.13,236311,1.21,1.47,1.92,2.33,0.73,1
2019-11-21,63.03,63.16,61.56,61.8,232310,-1.23,1.6,-1.99,2.59,0.8,-1
2019-11-20,61.88,63.44,61.56,62.8,353428,0.92,1.88,1.46,2.99,0.94,1
2019-11-19,62.11,62.42,61.52,62.01,337917,-0.1,0.9,-0.16,1.45,0.45,1
2019-11-18,61.45,62.25,61.45,61.95,250915,0.5,0.8,0.81,1.29,0.4,1
2019-11-15,63.22,63.62,61.68,61.7,216360,-1.52,1.94,-2.46,3.14,0.97,-1
2019-11-14,62.83,63.43,62.49,63.22,194352,0.39,0.94,0.62,1.49,0.47,1
2019-11-13,62.42,63.69,62.4,63.06,205239,0.64,1.29,1.01,2.05,0.64,1
2019-11-12,62.68,63.98,62.36,62.83,302182,0.15,1.62,0.24,2.58,0.81,1
2019-11-11,62.39,62.53,61.19,61.4,244534,-0.99,1.34,-1.61,2.18,0.67,-1
2019-11-08,64.93,64.94,62.22,62.86,352230,-2.07,2.72,-3.29,4.33,1.36,-1
2019-11-07,64.41,66.94,61.74,65.67,358952,1.26,5.2,1.92,7.92,2.6,1
2019-11-06,60.36,65.4,60.36,64.26,314984,3.9,5.04,6.07,7.84,2.52,1
2019-11-05,61.23,62.28,60.82,60.86,120156,-0.37,1.46,-0.61,2.4,0.73,-1
2019-11-04,63.32,63.55,61.09,61.19,211674,-2.13,2.46,-3.48,4.02,1.23,-1
2019-11-01,62.39,63.65,61.77,63.04,236080,0.65,1.88,1.03,2.98,0.94,1
2019-10-31,61.65,62.18,60.87,61.87,315500,0.22,1.31,0.36,2.12,0.66,-1
2019-10-30,66.41,66.41,61.32,62.0,525636,-4.41,5.09,-7.11,8.21,2.54,-1
2019-10-29,66.76,68.04,66.31,67.75,102012,0.99,1.73,1.46,2.55,0.87,1
2019-10-28,67.72,68.34,66.75,67.05,115263,-0.67,1.59,-1.0,2.37,0.8,-1
2019-10-25,67.22,68.3,67.13,67.63,149322,0.41,1.17,0.61,1.73,0.59,1
2019-10-24,68.47,68.6,67.13,67.24,129834,-1.23,1.47,-1.83,2.19,0.73,-1
2019-10-23,68.52,68.76,68.34,68.58,91637,0.06,0.42,0.09,0.61,0.21,-1
2019-10-22,69.49,69.49,68.49,68.63,57279,-0.86,1.0,-1.25,1.46,0.5,-1
2019-10-21,69.89,70.3,69.54,69.65,58270,-0.24,0.76,-0.34,1.09,0.38,1
2019-10-18,68.48,69.55,68.48,69.35,76223,0.87,1.07,1.25,1.54,0.53,1
2019-10-17,68.65,69.47,68.65,68.9,64210,0.25,0.82,0.36,1.19,0.41,1
2019-10-16,67.58,68.59,67.58,68.31,93112,0.73,1.01,1.07,1.48,0.51,1
2019-10-15,67.34,67.89,66.99,67.82,61613,0.48,0.9,0.71,1.33,0.45,1
2019-10-14,66.99,67.36,66.33,67.18,47703,0.19,1.03,0.28,1.53,0.52,-1
2019-10-11,66.59,68.03,66.59,67.28,75616,0.69,1.44,1.03,2.14,0.72,1
2019-10-10,66.1,66.34,65.74,65.96,118039,-0.14,0.6,-0.21,0.91,0.3,1
2019-10-09,67.76,68.01,65.32,65.85,89388,-1.91,2.69,-2.9,4.09,1.35,-1
2019-10-08,68.02,68.03,66.57,67.31,71642,-0.71,1.46,-1.05,2.17,0.73,-1
2019-10-07,69.01,69.25,68.5,68.6,57613,-0.41,0.75,-0.6,1.09,0.38,-1
2019-10-04,67.81,69.08,67.7,69.02,61873,1.21,1.38,1.75,2.0,0.69,1
2019-10-03,68.21,68.25,67.1,67.66,113578,-0.55,1.15,-0.81,1.7,0.58,-1
2019-10-02,69.92,70.21,68.41,68.71,95761,-1.21,1.8,-1.76,2.62,0.9,-1
2019-10-01,70.43,70.89,69.83,70.23,136474,-0.2,1.06,-0.28,1.51,0.53,-1
2019-09-30,69.86,70.81,69.31,70.24,122655,0.38,1.5,0.54,2.14,0.75,1
2019-09-27,69.95,69.95,68.38,69.77,141564,-0.18,1.57,-0.26,2.25,0.79,1
2019-09-26,69.86,70.41,68.96,69.71,104376,-0.15,1.45,-0.22,2.08,0.73,-1
2019-09-25,69.81,70.51,69.12,70.06,131942,0.25,1.39,0.36,1.98,0.7,1
2019-09-24,69.4,70.72,69.39,69.79,163085,0.39,1.33,0.56,1.91,0.66,1
2019-09-23,67.77,70.13,67.77,69.53,105847,1.76,2.36,2.53,3.39,1.18,1
2019-09-20,68.0,68.45,66.79,68.12,236146,0.12,1.66,0.18,2.44,0.83,1
2019-09-19,68.1,69.25,67.91,67.91,95905,-0.19,1.34,-0.28,1.97,0.67,-1
2019-09-18,68.49,68.96,67.24,68.26,123567,-0.23,1.72,-0.34,2.52,0.86,-1
2019-09-17,68.37,68.79,67.12,68.66,160363,0.29,1.67,0.42,2.43,0.84,1
2019-09-16,68.04,68.89,67.85,68.39,96845,0.35,1.04,0.51,1.52,0.52,1
2019-09-13,68.61,68.94,67.78,68.28,82037,-0.33,1.16,-0.48,1.7,0.58,1
2019-09-12,68.08,68.62,67.76,68.26,96052,0.18,0.86,0.26,1.26,0.43,1
2019-09-11,67.09,68.36,66.83,68.17,86620,1.08,1.53,1.58,2.24,0.77,1
2019-09-10,67.3,67.3,66.37,66.69,62423,-0.61,0.93,-0.91,1.39,0.46,-1
2019-09-09,65.82,67.38,65.5,67.06,95255,1.24,1.88,1.85,2.8,0.94,1
2019-09-06,65.91,66.01,64.97,65.52,102870,-0.39,1.04,-0.6,1.59,0.52,-1
2019-09-05,66.51,67.5,65.16,65.96,119138,-0.55,2.34,-0.83,3.55,1.17,-1
2019-09-04,65.68,66.36,65.39,66.12,56638,0.44,0.97,0.67,1.47,0.48,1
2019-09-03,65.16,65.69,64.87,65.24,134709,0.08,0.82,0.12,1.26,0.41,-1
2019-08-30,65.94,65.95,65.42,65.72,60077,-0.22,0.53,-0.33,0.81,0.27,1
2019-08-29,65.23,65.91,65.15,65.7,82366,0.47,0.76,0.72,1.16,0.38,1
2019-08-28,64.83,65.49,64.6,65.13,75035,0.3,0.89,0.46,1.37,0.45,1
2019-08-27,66.56,66.67,65.0,65.03,70634,-1.53,1.67,-2.35,2.57,0.84,-1
2019-08-26,65.82,66.5,65.6,66.45,52970,0.63,0.9,0.95,1.35,0.45,1
2019-08-23,66.89,67.39,65.36,65.56,92620,-1.33,2.03,-2.03,3.1,1.02,-1
2019-08-22,67.54,67.54,66.99,67.16,53783,-0.38,0.55,-0.57,0.82,0.28,-1
2019-08-21,68.04,68.17,67.1,67.3,83080,-0.74,1.07,-1.1,1.59,0.54,-1
2019-08-20,66.84,68.15,66.38,67.57,123329,0.73,1.77,1.08,2.62,0.89,1
2019-08-19,67.61,68.0,66.95,66.95,140968,-0.66,1.05,-0.99,1.57,0.52,-1
2019-08-16,67.01,67.35,66.5,67.09,110944,0.08,0.85,0.12,1.27,0.42,1
2019-08-15,66.91,67.48,66.75,66.96,52496,0.05,0.73,0.07,1.09,0.37,-1
2019-08-14,67.91,68.24,66.91,67.08,119784,-0.83,1.33,-1.24,1.98,0.66,-1
2019-08-13,68.15,69.25,67.5,68.72,140333,0.57,1.75,0.83,2.55,0.88,1
2019-08-12,67.66,68.53,67.64,68.32,118171,0.66,0.89,0.97,1.3,0.45,1
2019-08-09,67.48,68.42,66.89,67.88,210208,0.4,1.53,0.59,2.25,0.77,1
2019-08-08,66.18,67.89,66.13,67.66,149561,1.48,1.76,2.19,2.6,0.88,1
2019-08-07,65.45,66.64,65.09,66.06,106965,0.61,1.55,0.92,2.35,0.77,-1
2019-08-06,66.49,67.5,64.04,66.11,148711,-0.38,3.46,-0.57,5.23,1.73,1
2019-08-05,66.66,66.77,65.14,65.65,186125,-1.01,1.63,-1.54,2.48,0.81,-1
2019-08-02,68.33,68.48,67.43,67.62,118755,-0.71,1.05,-1.05,1.55,0.52,-1
2019-08-01,68.13,69.5,68.04,68.76,206878,0.63,1.46,0.92,2.12,0.73,1
2019-07-31,68.72,69.96,67.89,68.44,204878,-0.28,2.07,-0.41,3.02,1.03,-1
2019-07-30,67.81,69.27,67.67,68.69,195510,0.88,1.6,1.28,2.33,0.8,1
2019-07-29,68.77,69.62,67.82,68.37,151802,-0.4,1.8,-0.59,2.63,0.9,-1
2019-07-26,70.12,70.12,65.55,68.77,321171,-1.35,4.57,-1.96,6.65,2.29,-1
2019-07-25,71.3,71.48,71.02,71.13,77202,-0.17,0.46,-0.24,0.65,0.23,-1
2019-07-24,70.59,71.75,70.54,71.51,147572,0.92,1.22,1.29,1.7,0.61,1
2019-07-23,70.31,70.75,69.8,70.75,60109,0.44,0.95,0.62,1.34,0.48,1
2019-07-22,71.12,71.26,70.24,70.3,100701,-0.82,1.02,-1.17,1.45,0.51,-1
2019-07-19,71.86,72.59,71.25,71.27,92738,-0.59,1.34,-0.83,1.88,0.67,-1
2019-07-18,71.58,72.17,70.78,72.01,168519,0.43,1.39,0.6,1.93,0.7,1
2019-07-17,72.9,73.07,70.92,71.68,133750,-1.22,2.15,-1.7,3.0,1.07,-1
2019-07-16,74.42,74.5,72.78,72.93,89344,-1.49,1.72,-2.04,2.36,0.86,-1
2019-07-15,74.51,74.55,73.75,74.52,57143,0.01,0.8,0.01,1.07,0.4,1
2019-07-12,74.62,74.71,74.08,74.43,74058,-0.19,0.63,-0.26,0.85,0.31,1
2019-07-11,74.63,74.81,74.02,74.31,102703,-0.32,0.79,-0.43,1.06,0.4,-1
2019-07-10,75.05,75.92,74.67,74.73,141029,-0.32,1.25,-0.43,1.67,0.62,-1
2019-07-09,74.08,75.1,73.98,75.06,88315,0.98,1.12,1.31,1.49,0.56,1
2019-07-08,75.16,75.16,73.94,74.19,77203,-0.97,1.22,-1.31,1.64,0.61,-1
2019-07-05,74.0,74.55,73.32,74.55,65253,0.55,1.23,0.74,1.65,0.62,1
2019-07-03,73.85,74.27,73.6,74.21,47196,0.36,0.67,0.49,0.9,0.34,1
2019-07-02,74.66,74.77,73.54,73.85,110145,-0.81,1.23,-1.1,1.67,0.61,-1
2019-07-01,74.95,75.17,73.56,74.58,96619,-0.37,1.61,-0.5,2.16,0.8,1
2019-06-28,73.81,74.53,73.5,74.05,235438,0.24,1.03,0.32,1.39,0.52,1
2019-06-27,73.28,74.1,71.75,73.69,145139,0.41,2.35,0.56,3.19,1.17,1
2019-06-26,75.72,76.47,72.83,72.98,159641,-2.74,3.64,-3.75,4.99,1.82,-1
2019-06-25,73.85,76.01,73.55,75.49,286829,1.64,2.46,2.17,3.26,1.23,1
2019-06-24,74.46,75.09,73.79,73.85,116990,-0.61,1.3,-0.83,1.76,0.65,-1
2019-06-21,75.21,75.85,74.39,74.4,221265,-0.81,1.46,-1.09,1.96,0.73,-1
2019-06-20,75.94,75.94,74.81,75.36,98037,-0.58,1.13,-0.77,1.5,0.56,-1
2019-06-19,75.38,75.99,75.1,75.54,105241,0.16,0.89,0.21,1.18,0.45,1
2019-06-18,75.61,76.25,75.13,75.23,122305,-0.38,1.12,-0.51,1.49,0.56,-1
2019-06-17,75.32,75.55,74.64,75.35,154364,0.03,0.91,0.04,1.21,0.45,1
2019-06-14,74.52,76.08,74.35,75.26,148040,0.74,1.73,0.98,2.3,0.87,1
2019-06-13,73.36,74.76,73.27,74.68,159546,1.32,1.49,1.77,2.0,0.75,1
2019-06-12,72.57,73.16,72.2,73.1,69848,0.53,0.96,0.73,1.31,0.48,1
2019-06-11,72.99,73.34,72.22,72.56,160241,-0.43,1.12,-0.59,1.54,0.56,-1
2019-06-10,73.63,73.78,72.41,72.91,120995,-0.72,1.37,-0.99,1.87,0.68,-1
2019-06-07,72.64,73.72,72.64,73.37,144581,0.73,1.08,0.99,1.47,0.54,1
2019-06-06,71.03,72.67,71.03,72.47,142098,1.44,1.64,1.99,2.26,0.82,1
2019-06-05,71.32,71.5,70.81,71.32,179323,0.0,0.69,0.0,0.97,0.34,1
2019-06-04,70.44,71.26,69.8,71.23,254502,0.79,1.46,1.11,2.05,0.73,1
2019-06-03,70.61,70.93,69.8,70.16,235287,-0.45,1.13,-0.64,1.61,0.57,-1
2019-05-31,69.02,70.69,68.32,70.49,183569,1.47,2.37,2.09,3.36,1.19,1
2019-05-30,70.21,70.42,69.23,69.46,94448,-0.75,1.19,-1.08,1.71,0.59,-1
2019-05-29,70.49,70.77,69.77,70.13,187188,-0.36,1.0,-0.51,1.43,0.5,-1
2019-05-28,71.57,72.1,70.68,70.84,163680,-0.73,1.42,-1.03,2.0,0.71,-1
2019-05-24,71.39,71.85,71.23,71.8,169708,0.41,0.62,0.57,0.86,0.31,1
2019-05-23,71.8,71.85,70.57,71.16,204511,-0.64,1.28,-0.9,1.8,0.64,-1
2019-05-22,72.19,73.16,71.98,72.4,163071,0.21,1.18,0.29,1.63,0.59,-1
2019-05-21,74.23,75.5,71.6,72.55,203640,-1.68,3.9,-2.32,5.38,1.95,-1
2019-05-20,73.96,75.17,73.35,74.74,92433,0.78,1.82,1.04,2.44,0.91,1
2019-05-17,74.03,74.81,73.93,73.97,80432,-0.06,0.88,-0.08,1.19,0.44,-1
2019-05-16,73.98,74.97,73.98,74.5,84483,0.52,0.99,0.7,1.33,0.49,1
2019-05-15,73.2,73.83,73.2,73.77,101362,0.57,0.63,0.77,0.85,0.31,1
2019-05-14,74.13,74.38,73.32,73.57,165177,-0.56,1.06,-0.76,1.44,0.53,-1
2019-05-13,75.09,75.1,73.71,73.97,139672,-1.12,1.39,-1.51,1.88,0.7,-1
2019-05-10,75.07,75.62,74.67,75.43,190264,0.36,0.95,0.48,1.26,0.48,1
2019-05-09,75.38,75.53,74.89,75.12,164486,-0.26,0.64,-0.35,0.85,0.32,-1
2019-05-08,75.96,76.11,75.38,75.53,179396,-0.43,0.73,-0.57,0.97,0.37,-1
2019-05-07,76.64,77.49,75.41,75.84,100565,-0.8,2.08,-1.05,2.74,1.04,-1
2019-05-06,76.32,77.01,76.25,76.86,253458,0.54,0.76,0.7,0.99,0.38,1
2019-05-03,76.92,77.2,76.59,76.69,124059,-0.23,0.61,-0.3,0.8,0.3,-1
2019-05-02,77.28,77.76,76.44,76.99,51241,-0.29,1.32,-0.38,1.71,0.66,-1
2019-05-01,78.57,78.57,77.24,77.24,115382,-1.33,1.33,-1.72,1.72,0.66,-1
2019-04-30,74.01,78.3,73.01,78.07,227649,4.06,5.29,5.2,6.78,2.64,1
2019-04-29,74.93,75.62,74.17,74.61,206330,-0.32,1.45,-0.43,1.94,0.73,-1
2019-04-26,75.85,75.94,74.83,74.95,91887,-0.9,1.11,-1.2,1.49,0.56,1
2019-04-25,73.85,74.34,73.49,74.12,47461,0.27,0.85,0.36,1.15,0.43,-1
2019-04-24,73.8,74.82,73.8,74.43,48772,0.63,1.02,0.85,1.37,0.51,1
2019-04-23,73.35,74.3,73.19,73.94,59065,0.59,1.11,0.8,1.5,0.55,1
2019-04-22,73.58,73.58,72.83,73.4,88079,-0.18,0.75,-0.25,1.02,0.38,-1
2019-04-18,73.43,74.18,73.39,73.59,79778,0.16,0.79,0.22,1.07,0.4,1
2019-04-17,73.8,74.36,73.18,73.41,76929,-0.39,1.18,-0.53,1.61,0.59,-1
2019-04-16,73.3,73.98,73.3,73.88,54320,0.58,0.68,0.79,0.92,0.34,1
2019-04-15,72.87,73.14,72.54,72.98,51697,0.11,0.6,0.15,0.82,0.3,1
2019-04-12,73.1,73.21,72.59,72.7,49412,-0.4,0.62,-0.55,0.85,0.31,1
2019-04-11,71.75,72.67,71.75,72.58,83552,0.83,0.92,1.14,1.27,0.46,1
2019-04-10,70.75,71.66,70.75,71.62,84503,0.87,0.91,1.21,1.27,0.45,1
2019-04-09,69.94,70.6,69.82,70.48,135484,0.54,0.78,0.77,1.11,0.39,1
2019-04-08,69.68,70.14,69.23,70.11,72110,0.43,0.91,0.61,1.3,0.45,1
2019-04-05,68.99,69.94,68.53,69.91,93234,0.92,1.41,1.32,2.02,0.7,1
2019-04-04,69.25,69.28,68.63,68.86,124570,-0.39,0.65,-0.57,0.94,0.33,-1
2019-04-03,70.47,70.47,68.9,69.25,194423,-1.22,1.57,-1.76,2.27,0.78,-1
2019-04-02,71.25,71.25,70.27,70.43,84589,-0.82,0.98,-1.16,1.39,0.49,-1
2019-04-01,71.22,71.45,70.44,71.28,165335,0.06,1.01,0.08,1.42,0.51,1
2019-03-29,70.94,71.12,70.07,70.66,154174,-0.28,1.05,-0.4,1.49,0.53,-1
2019-03-28,72.04,72.24,70.44,70.99,94231,-1.05,1.8,-1.48,2.54,0.9,-1
2019-03-27,71.13,72.02,70.81,71.75,78568,0.62,1.21,0.86,1.69,0.6,1
2019-03-26,70.76,71.15,70.39,71.13,49967,0.37,0.76,0.52,1.07,0.38,1
2019-03-25,70.0,70.79,69.85,70.44,65012,0.44,0.94,0.62,1.33,0.47,1
2019-03-22,70.54,71.33,69.94,70.0,189451,-0.54,1.39,-0.77,1.99,0.7,-1
2019-03-21,70.48,71.64,70.48,70.95,84521,0.47,1.16,0.66,1.63,0.58,1
2019-03-20,69.89,71.49,69.55,70.48,121680,0.59,1.94,0.84,2.75,0.97,1
2019-03-19,69.27,69.96,68.92,69.83,170254,0.56,1.05,0.8,1.5,0.52,1
2019-03-18,68.27,68.83,67.69,68.1,61812,-0.17,1.14,-0.25,1.67,0.57,-1
2019-03-15,67.85,68.9,67.48,68.27,271482,0.42,1.42,0.62,2.08,0.71,1
2019-03-14,67.83,68.09,67.61,67.76,56830,-0.07,0.48,-0.1,0.71,0.24,-1
2019-03-13,68.87,69.05,67.76,67.96,164772,-0.91,1.29,-1.34,1.9,0.64,-1
2019-03-12,68.96,69.28,68.51,68.74,57765,-0.22,0.77,-0.32,1.12,0.38,-1
2019-03-11,69.28,69.66,68.73,68.92,146467,-0.36,0.93,-0.52,1.35,0.46,-1
2019-03-08,67.34,69.46,66.68,69.07,145716,1.73,2.78,2.5,4.02,1.39,1
2019-03-07,68.35,68.58,67.36,67.74,90287,-0.61,1.22,-0.9,1.8,0.61,-1
2019-03-06,70.5,70.71,68.34,68.36,117062,-2.14,2.37,-3.13,3.47,1.18,-1
2019-03-05,70.72,71.16,70.4,70.62,60730,-0.1,0.76,-0.14,1.08,0.38,1
2019-03-04,70.62,71.13,70.32,70.56,88742,-0.06,0.81,-0.09,1.15,0.41,-1
2019-03-01,69.9,70.8,69.65,70.65,74197,0.75,1.15,1.06,1.63,0.57,1
2019-02-28,69.25,70.45,69.25,69.51,117997,0.26,1.2,0.37,1.73,0.6,-1
2019-02-27,69.45,69.66,69.32,69.55,95110,0.1,0.34,0.14,0.49,0.17,1
2019-02-26,70.28,70.28,69.32,69.42,96756,-0.86,0.96,-1.24,1.38,0.48,-1
2019-02-25,69.92,70.9,69.92,70.37,159726,0.45,0.98,0.64,1.39,0.49,1
2019-02-22,69.74,70.12,69.59,69.93,124887,0.19,0.53,0.27,0.76,0.27,1
2019-02-21,69.5,69.8,68.86,69.71,116278,0.21,0.94,0.3,1.35,0.47,1
2019-02-20,69.1,69.4,68.36,69.09,106259,-0.01,1.04,-0.01,1.51,0.52,1
2019-02-19,68.11,69.14,68.11,69.0,81248,0.89,1.03,1.29,1.49,0.52,1
2019-02-15,67.7,68.73,67.67,68.45,144250,0.75,1.06,1.1,1.55,0.53,1
2019-02-14,67.32,68.15,67.19,67.31,90283,-0.01,0.96,-0.01,1.43,0.48,-1
2019-02-13,68.7,68.7,67.07,67.38,156892,-1.32,1.63,-1.96,2.42,0.82,-1
2019-02-12,67.69,69.69,67.69,68.91,185747,1.22,2.0,1.77,2.9,1.0,1
2019-02-11,66.93,67.79,66.86,67.6,132414,0.67,0.93,0.99,1.38,0.47,1
2019-02-08,66.69,67.58,66.62,67.25,102298,0.56,0.96,0.83,1.43,0.48,1
2019-02-07,66.59,67.22,66.45,66.8,133603,0.21,0.77,0.31,1.15,0.38,-1
2019-02-06,67.36,67.36,66.78,66.98,66360,-0.38,0.58,-0.57,0.87,0.29,-1
2019-02-05,67.09,67.69,67.05,67.52,60100,0.43,0.64,0.64,0.95,0.32,1
2019-02-04,65.92,67.1,65.74,67.07,254102,1.15,1.36,1.71,2.03,0.68,1
2019-02-01,66.88,67.47,65.83,66.01,146378,-0.87,1.64,-1.32,2.48,0.82,-1
2019-01-31,65.73,66.93,65.49,66.74,278783,1.01,1.44,1.51,2.16,0.72,1
2019-01-30,64.51,65.97,64.06,65.95,119990,1.44,1.91,2.18,2.9,0.95,1
2019-01-29,63.93,64.54,63.81,64.23,112578,0.3,0.73,0.47,1.14,0.37,1
2019-01-28,63.59,64.04,63.3,63.99,130010,0.4,0.74,0.63,1.16,0.37,-1
2019-01-25,63.54,64.14,63.43,63.99,234333,0.45,0.71,0.7,1.11,0.36,1
2019-01-24,64.34,64.45,63.17,63.5,93900,-0.84,1.28,-1.32,2.02,0.64,-1
2019-01-23,64.23,64.6,63.79,64.3,120263,0.07,0.81,0.11,1.26,0.4,-1
2019-01-22,64.83,65.34,63.87,64.31,161791,-0.52,1.47,-0.81,2.29,0.74,-1
2019-01-18,65.5,66.23,64.89,65.09,163407,-0.41,1.34,-0.63,2.06,0.67,-1
2019-01-17,66.24,66.72,65.45,65.97,130825,-0.27,1.27,-0.41,1.93,0.63,-1
2019-01-16,66.26,66.4,65.96,66.4,115057,0.14,0.44,0.21,0.66,0.22,1
2019-01-15,66.12,66.56,65.54,66.35,98378,0.23,1.02,0.35,1.54,0.51,-1
2019-01-14,66.94,67.62,66.23,66.58,145710,-0.36,1.39,-0.54,2.09,0.7,-1
2019-01-11,67.54,67.74,66.94,67.05,149232,-0.49,0.8,-0.73,1.19,0.4,-1
2019-01-10,67.69,68.39,67.68,67.77,118833,0.08,0.71,0.12,1.05,0.35,-1
2019-01-09,67.48,68.11,67.04,67.78,283133,0.3,1.07,0.44,1.58,0.53,1
2019-01-08,68.16,68.16,66.74,67.26,164653,-0.9,1.42,-1.34,2.11,0.71,-1
2019-01-07,68.89,69.64,67.37,67.64,164723,-1.25,2.27,-1.85,3.36,1.13,-1
2019-01-04,67.88,69.33,67.15,69.16,113821,1.28,2.18,1.85,3.15,1.09,1
2019-01-03,67.18,67.94,66.59,67.03,140777,-0.15,1.35,-0.22,2.01,0.67,-1
2019-01-02,66.63,67.4,66.38,67.4,143237,0.77,1.02,1.14,1.51,0.51,1
2018-12-31,66.69,67.25,66.3,67.25,203329,0.56,0.95,0.83,1.41,0.48,1
2018-12-28,66.14,67.48,65.8,66.57,153000,0.43,1.68,0.65,2.52,0.84,1
2018-12-27,64.29,66.26,63.93,66.17,128003,1.88,2.33,2.84,3.52,1.17,1
2018-12-26,64.27,65.04,63.04,65.04,240209,0.77,2.0,1.18,3.08,1.0,1
2018-12-24,65.94,66.29,64.08,64.18,41966,-1.76,2.21,-2.74,3.44,1.11,-1
2018-12-21,66.6,67.1,64.78,66.17,637137,-0.43,2.32,-0.65,3.51,1.16,-1
2018-12-20,66.31,66.76,64.56,66.3,284318,-0.01,2.2,-0.02,3.32,1.1,-1
2018-12-19,66.76,67.4,65.51,66.35,299271,-0.41,1.89,-0.62,2.85,0.95,-1
2018-12-18,66.92,67.33,66.24,66.64,234186,-0.28,1.09,-0.42,1.64,0.55,1
2018-12-17,66.98,68.09,66.09,66.39,151379,-0.59,2.0,-0.89,3.01,1.0,-1
2018-12-14,66.79,67.4,66.48,67.09,148149,0.3,0.92,0.45,1.37,0.46,1
2018-12-13,68.64,68.64,66.62,67.0,118025,-1.64,2.02,-2.45,3.01,1.01,-1
2018-12-12,69.5,69.67,68.36,68.46,117312,-1.04,1.31,-1.52,1.91,0.66,-1
2018-12-11,70.0,70.0,68.55,69.01,92767,-0.99,1.45,-1.43,2.1,0.73,-1
2018-12-10,69.46,69.76,68.56,69.5,98018,0.04,1.2,0.06,1.73,0.6,1
2018-12-07,69.01,69.76,68.74,69.37,106502,0.36,1.02,0.52,1.47,0.51,1
2018-12-06,68.3,69.13,67.8,69.06,170823,0.76,1.33,1.1,1.93,0.66,1
2018-12-04,69.18,69.29,68.37,68.73,172118,-0.45,0.92,-0.65,1.34,0.46,-1
2018-12-03,69.66,69.66,68.47,69.49,110611,-0.17,1.19,-0.24,1.71,0.59,1
2018-11-30,68.69,69.62,68.54,69.32,160253,0.63,1.08,0.91,1.56,0.54,1
2018-11-29,68.27,69.14,68.01,68.81,83467,0.54,1.13,0.78,1.64,0.56,-1
2018-11-28,66.91,69.48,66.53,69.13,139789,2.22,2.95,3.21,4.27,1.48,1
2018-11-27,66.66,67.33,66.39,66.65,136544,-0.01,0.94,-0.02,1.41,0.47,-1
2018-11-26,67.7,67.97,66.74,67.0,235464,-0.7,1.23,-1.04,1.84,0.62,-1
2018-11-23,66.54,68.09,66.54,67.22,46419,0.68,1.55,1.01,2.31,0.77,1
2018-11-21,67.22,67.96,66.63,67.0,126680,-0.22,1.33,-0.33,1.99,0.66,-1
2018-11-20,66.88,67.64,66.61,67.0,200900,0.12,1.03,0.18,1.54,0.52,-1
2018-11-19,68.04,68.54,67.39,67.65,180253,-0.39,1.15,-0.58,1.7,0.58,-1
2018-11-16,66.97,68.48,66.97,68.15,157119,1.18,1.51,1.73,2.22,0.76,1
2018-11-15,65.11,67.55,65.11,67.52,77903,2.41,2.44,3.57,3.61,1.22,1
2018-11-14,65.96,67.3,64.37,65.45,101596,-0.51,2.93,-0.78,4.48,1.46,-1
2018-11-13,65.6,66.27,65.11,65.56,65173,-0.04,1.16,-0.06,1.77,0.58,-1
2018-11-12,66.58,67.18,65.56,65.7,100123,-0.88,1.62,-1.34,2.47,0.81,-1
2018-11-09,69.04,69.24,66.47,66.69,89548,-2.35,2.77,-3.52,4.15,1.38,-1
2018-11-08,68.63,69.77,68.34,69.67,85101,1.04,1.43,1.49,2.05,0.71,1
2018-11-07,66.84,68.92,65.89,68.69,92786,1.85,3.03,2.69,4.41,1.52,1
2018-11-06,62.14,67.59,62.14,66.44,123100,4.3,5.45,6.47,8.2,2.73,1
2018-11-05,61.65,62.71,61.12,61.24,81295,-0.41,1.59,-0.67,2.6,0.8,-1
2018-11-02,61.76,62.81,60.93,61.7,108032,-0.06,1.88,-0.1,3.05,0.94,1
2018-11-01,61.84,62.06,61.04,61.53,67696,-0.31,1.02,-0.5,1.66,0.51,-1
2018-10-31,62.89,63.49,61.58,61.61,75053,-1.28,1.91,-2.08,3.1,0.96,-1
2018-10-30,61.71,62.78,61.06,62.59,69367,0.88,1.72,1.41,2.75,0.86,1
2018-10-29,61.72,62.1,60.84,61.4,81186,-0.32,1.26,-0.52,2.05,0.63,1
2018-10-26,60.74,61.61,59.87,60.89,101010,0.15,1.74,0.25,2.86,0.87,-1
2018-10-25,60.44,61.39,60.15,61.0,79198,0.56,1.24,0.92,2.03,0.62,1
2018-10-24,59.97,60.82,59.82,60.0,104023,0.03,1.0,0.05,1.67,0.5,-1
2018-10-23,59.28,60.6,59.28,60.25,161710,0.97,1.32,1.61,2.19,0.66,1
2018-10-22,60.12,60.77,59.92,60.12,61355,0.0,0.85,0.0,1.41,0.43,-1
2018-10-19,59.6,60.77,58.42,60.18,90807,0.58,2.35,0.96,3.9,1.18,-1
2018-10-18,60.16,61.02,59.87,60.49,66001,0.33,1.15,0.55,1.9,0.58,1
2018-10-17,60.78,61.1,59.56,60.39,69941,-0.39,1.54,-0.65,2.55,0.77,1
2018-10-16,59.51,60.53,58.93,60.38,104690,0.87,1.6,1.44,2.65,0.8,1
2018-10-15,59.44,59.84,59.14,59.2,79841,-0.24,0.7,-0.41,1.18,0.35,-1
2018-10-12,60.93,60.93,59.2,59.53,102731,-1.4,1.73,-2.35,2.91,0.86,-1
2018-10-11,61.09,61.23,59.99,60.11,68296,-0.98,1.24,-1.63,2.06,0.62,-1
2018-10-10,62.93,63.49,61.22,61.23,69969,-1.7,2.27,-2.78,3.71,1.14,-1
2018-10-09,62.46,63.59,62.46,63.07,47228,0.61,1.13,0.97,1.79,0.57,1
2018-10-08,62.51,62.72,62.22,62.46,40491,-0.05,0.5,-0.08,0.8,0.25,-1
2018-10-05,62.52,63.34,62.33,62.68,50502,0.16,1.01,0.26,1.61,0.51,1
2018-10-04,63.03,64.02,62.09,62.62,44662,-0.41,1.93,-0.65,3.08,0.96,-1
2018-10-03,62.59,63.08,62.06,62.96,52913,0.37,1.02,0.59,1.62,0.51,1
2018-10-02,62.04,62.41,62.04,62.27,63852,0.23,0.37,0.37,0.59,0.18,1
2018-10-01,63.1,63.22,61.24,61.43,66178,-1.67,1.98,-2.72,3.22,0.99,-1
2018-09-28,61.9,63.25,61.6,63.05,76343,1.15,1.65,1.82,2.62,0.82,1
2018-09-27,61.84,62.15,61.45,61.95,51132,0.11,0.7,0.18,1.13,0.35,-1
2018-09-26,62.1,62.5,61.8,61.95,79597,-0.15,0.7,-0.24,1.13,0.35,-1
2018-09-25,61.85,62.55,61.85,62.15,63432,0.3,0.7,0.48,1.13,0.35,1
2018-09-24,61.2,62.15,61.1,62.1,95036,0.9,1.05,1.45,1.69,0.52,1
2018-09-21,60.1,61.55,60.05,61.5,289754,1.4,1.5,2.28,2.44,0.75,1
2018-09-20,59.7,60.3,59.6,60.2,56163,0.5,0.7,0.83,1.16,0.35,1
2018-09-19,59.86,60.25,59.35,59.5,71389,-0.36,0.9,-0.61,1.51,0.45,-1
2018-09-18,60.7,60.7,59.95,59.95,55287,-0.75,0.75,-1.25,1.25,0.38,-1
2018-09-17,61.85,61.98,60.4,60.6,59794,-1.25,1.58,-2.06,2.61,0.79,-1
2018-09-14,61.28,61.9,61.28,61.75,90774,0.47,0.62,0.76,1.0,0.31,1
2018-09-13,60.99,61.5,60.85,61.35,81728,0.36,0.65,0.59,1.06,0.32,1
2018-09-12,61.15,61.2,60.5,60.8,97344,-0.35,0.7,-0.58,1.15,0.35,-1
2018-09-11,62.05,62.15,61.25,61.3,98130,-0.75,0.9,-1.22,1.47,0.45,-1
2018-09-10,63.25,63.25,62.1,62.25,46547,-1.0,1.15,-1.61,1.85,0.57,-1
2018-09-07,63.1,63.3,62.79,62.95,47644,-0.15,0.51,-0.24,0.81,0.25,-1
2018-09-06,63.65,63.9,63.2,63.25,54004,-0.4,0.7,-0.63,1.11,0.35,-1
2018-09-05,63.55,64.03,63.2,63.5,34074,-0.05,0.83,-0.08,1.31,0.41,-1
2018-09-04,63.6,64.45,63.5,63.55,65933,-0.05,0.95,-0.08,1.49,0.48,-1
2018-08-31,62.85,64.15,62.85,63.7,106805,0.85,1.3,1.33,2.04,0.65,1
2018-08-30,62.85,63.15,62.35,63.05,50286,0.2,0.8,0.32,1.27,0.4,-1
2018-08-29,63.4,63.7,62.88,63.1,65265,-0.3,0.82,-0.48,1.3,0.41,-1
2018-08-28,63.3,63.9,63.0,63.3,141205,0.0,0.9,0.0,1.42,0.45,1
2018-08-27,63.95,64.5,63.05,63.05,61387,-0.9,1.45,-1.43,2.3,0.73,-1
2018-08-24,63.35,64.35,63.18,63.95,91100,0.6,1.17,0.94,1.83,0.58,1
2018-08-23,63.05,63.25,62.85,62.95,91078,-0.1,0.4,-0.16,0.64,0.2,-1
2018-08-22,62.6,63.8,62.3,63.2,124712,0.6,1.5,0.95,2.37,0.75,1
2018-08-21,61.75,62.8,61.75,62.65,117014,0.9,1.05,1.44,1.68,0.52,1
2018-08-20,61.65,62.05,61.4,61.75,85876,0.1,0.65,0.16,1.05,0.32,1
2018-08-17,61.45,62.0,61.23,61.55,87506,0.1,0.77,0.16,1.25,0.39,1
2018-08-16,61.6,61.8,61.25,61.5,69024,-0.1,0.55,-0.16,0.89,0.27,1
2018-08-15,61.6,62.1,61.01,61.2,71067,-0.4,1.09,-0.65,1.78,0.55,-1
2018-08-14,61.3,61.9,61.3,61.6,89287,0.3,0.6,0.49,0.97,0.3,1
2018-08-13,61.3,61.65,60.75,61.31,90535,0.01,0.9,0.02,1.47,0.45,1
2018-08-10,60.95,61.3,60.3,61.1,50302,0.15,1.0,0.25,1.64,0.5,-1
2018-08-09,62.15,62.3,61.4,61.4,64310,-0.75,0.9,-1.22,1.47,0.45,-1
2018-08-08,60.94,62.55,60.8,62.25,96738,1.31,1.75,2.1,2.81,0.88,1
2018-08-07,61.3,61.3,59.15,60.8,85077,-0.5,2.15,-0.82,3.54,1.07,-1
2018-08-06,61.6,61.9,61.15,61.25,32852,-0.35,0.75,-0.57,1.22,0.38,-1
2018-08-03,62.55,62.77,61.4,61.7,42732,-0.85,1.37,-1.38,2.22,0.69,-1
2018-08-02,62.6,63.05,62.45,62.5,43456,-0.1,0.6,-0.16,0.96,0.3,-1
2018-08-01,62.4,63.05,62.05,62.75,54428,0.35,1.0,0.56,1.59,0.5,1
2018-07-31,62.95,62.95,61.7,62.55,69181,-0.4,1.25,-0.64,2.0,0.62,1
2018-07-30,62.05,63.2,62.05,62.1,69000,0.05,1.15,0.08,1.85,0.58,-1
2018-07-27,62.9,63.25,61.85,62.2,94773,-0.7,1.4,-1.13,2.25,0.7,-1
2018-07-26,61.8,63.15,61.55,63.0,82150,1.2,1.6,1.9,2.54,0.8,1
2018-07-25,59.4,61.9,59.4,61.75,79757,2.35,2.5,3.81,4.05,1.25,1
2018-07-24,61.15,61.4,60.7,61.25,55071,0.1,0.7,0.16,1.14,0.35,1
2018-07-23,60.85,61.4,60.7,61.0,41541,0.15,0.7,0.25,1.15,0.35,1
2018-07-20,60.5,61.35,60.05,60.95,43937,0.45,1.3,0.74,2.13,0.65,1
2018-07-19,60.1,60.6,59.9,60.5,63707,0.4,0.7,0.66,1.16,0.35,1
2018-07-18,59.9,60.65,59.8,60.3,63819,0.4,0.85,0.66,1.41,0.43,1
2018-07-17,60.15,60.7,59.9,60.0,65442,-0.15,0.8,-0.25,1.33,0.4,-1
2018-07-16,60.1,60.53,59.95,60.35,54103,0.25,0.58,0.41,0.96,0.29,1
2018-07-13,59.9,60.45,59.7,60.2,65624,0.3,0.75,0.5,1.25,0.38,1
2018-07-12,60.8,60.8,59.6,60.0,50982,-0.8,1.2,-1.33,2.0,0.6,-1
2018-07-11,60.1,60.6,59.85,60.4,58372,0.3,0.75,0.5,1.24,0.38,1
2018-07-10,60.65,61.0,59.85,60.25,59135,-0.4,1.15,-0.66,1.91,0.57,-1
2018-07-09,59.5,60.9,59.5,60.6,89801,1.1,1.4,1.82,2.31,0.7,1
2018-07-06,58.95,60.1,58.95,59.4,89069,0.45,1.15,0.76,1.94,0.57,1
2018-07-05,59.3,59.65,58.6,59.15,135915,-0.15,1.05,-0.25,1.78,0.52,-1
2018-07-03,59.65,59.8,59.05,59.2,85427,-0.45,0.75,-0.76,1.27,0.38,-1
2018-07-02,57.75,59.35,57.75,59.35,68278,1.6,1.6,2.7,2.7,0.8,1
2018-06-29,58.2,58.9,57.85,58.15,137471,-0.05,1.05,-0.09,1.81,0.52,-1
2018-06-28,58.75,58.9,58.0,58.2,101523,-0.55,0.9,-0.95,1.55,0.45,-1
2018-06-27,60.1,60.1,58.7,58.75,113223,-1.35,1.4,-2.3,2.38,0.7,-1
2018-06-26,59.95,60.6,59.55,60.25,98312,0.3,1.05,0.5,1.74,0.53,1
2018-06-25,60.35,60.6,59.9,60.05,78829,-0.3,0.7,-0.5,1.17,0.35,-1
2018-06-22,60.4,60.65,60.0,60.6,217224,0.2,0.65,0.33,1.07,0.32,1
2018-06-21,61.4,61.45,60.25,60.25,100884,-1.15,1.2,-1.91,1.99,0.6,-1
2018-06-20,62.15,62.15,61.25,61.4,36569,-0.75,0.9,-1.22,1.47,0.45,-1
2018-06-19,61.45,62.18,61.35,62.05,92634,0.6,0.83,0.97,1.34,0.41,1
2018-06-18,61.8,62.05,61.25,61.9,81098,0.1,0.8,0.16,1.29,0.4,-1
2018-06-15,61.6,62.2,61.05,62.1,220302,0.5,1.15,0.81,1.85,0.58,1
2018-06-14,61.65,61.75,60.85,61.6,73613,-0.05,0.9,-0.08,1.46,0.45,1
2018-06-13,62.1,62.6,61.35,61.55,105463,-0.55,1.25,-0.89,2.03,0.62,-1
2018-06-12,64.05,64.35,61.9,62.1,169256,-1.95,2.45,-3.14,3.95,1.22,-1
2018-06-11,64.25,64.25,63.73,63.95,91575,-0.3,0.52,-0.47,0.81,0.26,-1
2018-06-08,63.6,64.3,63.45,64.15,111781,0.55,0.85,0.86,1.33,0.42,1
2018-06-07,63.15,63.65,62.8,63.55,78089,0.4,0.85,0.63,1.34,0.43,1
2018-06-06,62.8,63.55,62.8,63.45,113939,0.65,0.75,1.02,1.18,0.38,1
2018-06-05,62.1,62.75,61.75,62.65,86280,0.55,1.0,0.88,1.6,0.5,1
2018-06-04,61.8,62.75,61.7,62.3,99375,0.5,1.05,0.8,1.69,0.52,1
2018-06-01,61.4,61.45,60.7,61.4,74666,0.0,0.75,0.0,1.22,0.38,1
2018-05-31,61.25,61.55,60.65,60.75,135276,-0.5,0.9,-0.82,1.48,0.45,-1
2018-05-30,61.15,61.9,60.8,61.55,85157,0.4,1.1,0.65,1.79,0.55,1
2018-05-29,61.05,61.05,60.1,60.75,59704,-0.3,0.95,-0.49,1.56,0.47,-1
2018-05-25,61.55,61.63,61.15,61.5,108696,-0.05,0.48,-0.08,0.78,0.24,-1
2018-05-24,61.3,61.9,61.15,61.5,128089,0.2,0.75,0.33,1.22,0.38,1
2018-05-23,61.8,62.7,61.3,61.45,113757,-0.35,1.4,-0.57,2.28,0.7,-1
2018-05-22,62.3,62.55,61.5,62.15,91366,-0.15,1.05,-0.24,1.69,0.52,1
2018-05-21,61.85,62.63,60.65,62.05,95801,0.2,1.98,0.32,3.19,0.99,1
2018-05-18,61.85,61.85,61.2,61.35,80370,-0.5,0.65,-0.81,1.06,0.32,-1
2018-05-17,61.3,62.1,61.0,61.75,115300,0.45,1.1,0.73,1.78,0.55,1
2018-05-16,60.15,61.4,60.05,61.1,135727,0.95,1.35,1.55,2.21,0.68,1
2018-05-15,60.5,60.9,60.2,60.25,158277,-0.25,0.7,-0.41,1.16,0.35,-1
2018-05-14,61.9,61.9,60.6,60.84,103069,-1.06,1.3,-1.74,2.14,0.65,-1
2018-05-11,62.1,62.55,61.65,61.75,132502,-0.35,0.9,-0.57,1.46,0.45,-1
2018-05-10,62.29,62.45,61.6,62.09,137658,-0.2,0.85,-0.32,1.37,0.43,-1
2018-05-09,61.75,62.6,61.25,62.15,134779,0.4,1.35,0.64,2.17,0.68,1
2018-05-08,60.8,62.25,60.5,61.55,147855,0.75,1.75,1.22,2.84,0.88,1
2018-05-07,65.9,65.9,58.51,60.24,81200,-5.66,7.39,-9.4,12.27,3.7,1
2018-05-04,57.5,59.25,55.1,58.85,212580,1.35,4.15,2.29,7.05,2.07,1
2018-05-03,56.6,56.75,55.65,55.85,99270,-0.75,1.1,-1.34,1.97,0.55,-1
2018-05-02,58.4,58.65,57.0,57.05,59230,-1.35,1.65,-2.37,2.89,0.82,-1
2018-05-01,58.5,58.8,58.1,58.6,142646,0.1,0.7,0.17,1.19,0.35,1
2018-04-30,58.7,58.8,58.2,58.45,127067,-0.25,0.6,-0.43,1.03,0.3,-1
2018-04-27,58.65,58.9,58.3,58.6,49735,-0.05,0.6,-0.09,1.02,0.3,-1
2018-04-26,57.5,58.75,57.5,58.65,86019,1.15,1.25,1.96,2.13,0.62,1
2018-04-25,58.8,58.9,58.05,58.4,106023,-0.4,0.85,-0.68,1.46,0.43,-1
2018-04-24,58.95,59.08,58.3,58.75,166186,-0.2,0.78,-0.34,1.32,0.39,-1
2018-04-23,59.15,59.5,59.05,59.15,92354,0.0,0.45,0.0,0.76,0.23,1
2018-04-20,58.65,59.25,58.65,59.0,100060,0.35,0.6,0.59,1.02,0.3,1
2018-04-19,58.65,59.05,58.6,58.85,102072,0.2,0.45,0.34,0.76,0.22,1
2018-04-18,58.25,58.9,58.25,58.7,105863,0.45,0.65,0.77,1.11,0.32,1
2018-04-17,58.05,58.5,57.9,58.1,122952,0.05,0.6,0.09,1.03,0.3,1
2018-04-16,58.0,58.7,57.8,58.05,147711,0.05,0.9,0.09,1.55,0.45,1
2018-04-13,58.7,59.05,57.4,57.6,151868,-1.1,1.65,-1.91,2.86,0.82,-1
2018-04-12,57.95,58.65,57.85,58.6,114389,0.65,0.8,1.11,1.37,0.4,1
2018-04-11,57.3,57.6,56.85,57.55,82336,0.25,0.75,0.43,1.3,0.38,1
2018-04-10,57.55,57.8,57.15,57.35,78651,-0.2,0.65,-0.35,1.13,0.32,1
2018-04-09,57.5,57.65,56.7,57.1,146240,-0.4,0.95,-0.7,1.66,0.47,-1
2018-04-06,57.35,57.85,56.6,57.1,143217,-0.25,1.25,-0.44,2.19,0.62,-1
2018-04-05,57.85,57.88,57.4,57.6,88083,-0.25,0.48,-0.43,0.82,0.24,-1
2018-04-04,56.95,57.85,56.7,57.7,77238,0.75,1.15,1.3,1.99,0.57,1
2018-04-03,56.85,57.65,56.55,57.5,70950,0.65,1.1,1.13,1.91,0.55,1
2018-04-02,57.2,57.75,56.25,56.75,140203,-0.45,1.5,-0.79,2.64,0.75,-1
2018-03-29,57.7,58.05,57.3,57.4,220702,-0.3,0.75,-0.52,1.31,0.38,-1
2018-03-28,56.2,57.58,56.0,57.5,224717,1.3,1.58,2.26,2.74,0.79,1
2018-03-27,57.05,57.05,55.65,56.05,179801,-1.0,1.4,-1.78,2.5,0.7,-1
2018-03-26,57.05,57.3,56.05,56.75,133843,-0.3,1.25,-0.53,2.2,0.62,1
2018-03-23,57.55,58.1,56.3,56.3,136129,-1.25,1.8,-2.22,3.2,0.9,-1
2018-03-22,59.15,59.4,57.45,57.45,139606,-1.7,1.95,-2.96,3.39,0.97,-1
2018-03-21,59.0,60.15,58.05,59.5,131277,0.5,2.1,0.84,3.53,1.05,1
2018-03-20,58.65,59.05,58.49,58.9,175567,0.25,0.56,0.42,0.96,0.28,1
2018-03-19,58.8,59.45,58.45,58.45,276452,-0.35,1.0,-0.6,1.71,0.5,-1
2018-03-16,57.45,59.3,57.45,58.85,421464,1.4,1.85,2.38,3.14,0.92,1
2018-03-15,56.7,57.6,56.15,57.45,281513,0.75,1.45,1.31,2.52,0.73,1
2018-03-14,56.4,56.82,55.1,56.65,233525,0.25,1.72,0.44,3.04,0.86,1
2018-03-13,55.4,56.3,53.95,56.15,159683,0.75,2.35,1.34,4.19,1.17,1
2018-03-12,54.75,55.45,54.65,55.2,158190,0.45,0.8,0.82,1.45,0.4,1
2018-03-09,54.2,54.85,53.48,54.65,105748,0.45,1.38,0.82,2.52,0.69,1
2018-03-08,53.95,54.35,53.8,54.0,173645,0.05,0.55,0.09,1.02,0.28,1
2018-03-07,53.75,54.45,53.6,53.95,202367,0.2,0.85,0.37,1.58,0.43,-1
2018-03-06,54.05,55.35,53.55,54.0,284952,-0.05,1.8,-0.09,3.33,0.9,-1
2018-03-05,58.25,61.55,58.25,61.55,240428,3.3,3.3,5.36,5.36,1.65,1
2018-03-02,57.8,58.35,57.25,58.25,121608,0.45,1.1,0.77,1.89,0.55,1
2018-03-01,58.5,58.83,57.85,58.15,127948,-0.35,0.98,-0.6,1.69,0.49,-1
2018-02-28,59.85,60.15,58.2,58.25,138848,-1.6,1.95,-2.75,3.35,0.97,-1
2018-02-27,60.15,60.38,59.75,59.8,124228,-0.35,0.62,-0.59,1.05,0.31,-1
2018-02-26,59.3,60.3,59.05,60.3,123841,1.0,1.25,1.66,2.07,0.62,1
2018-02-23,59.05,59.8,58.8,59.25,131899,0.2,1.0,0.34,1.69,0.5,1
2018-02-22,59.05,59.9,58.85,58.95,186953,-0.1,1.05,-0.17,1.78,0.52,-1
2018-02-21,59.1,59.75,58.7,59.05,163247,-0.05,1.05,-0.08,1.78,0.52,-1
2018-02-20,60.2,60.55,59.15,59.15,148114,-1.05,1.4,-1.78,2.37,0.7,-1
2018-02-16,60.35,61.35,60.35,60.5,94889,0.15,1.0,0.25,1.65,0.5,-1
2018-02-15,58.9,60.7,58.8,60.6,188373,1.7,1.9,2.81,3.14,0.95,1
2018-02-14,60.3,60.3,58.25,58.5,219702,-1.8,2.05,-3.08,3.5,1.02,-1
2018-02-13,58.55,59.22,57.8,58.7,187812,0.15,1.43,0.26,2.43,0.71,-1
2018-02-12,59.6,60.1,58.45,58.8,215386,-0.8,1.65,-1.36,2.81,0.82,-1
2018-02-09,59.0,59.9,58.2,59.5,126917,0.5,1.7,0.84,2.86,0.85,1
2018-02-08,59.25,59.5,58.3,58.32,303617,-0.92,1.2,-1.59,2.06,0.6,-1
2018-02-07,58.35,59.35,57.75,59.1,360045,0.75,1.6,1.27,2.71,0.8,1
2018-02-06,58.15,59.1,57.1,58.65,148181,0.5,2.0,0.85,3.41,1.0,-1
2018-02-05,60.55,60.95,58.85,58.85,148442,-1.7,2.1,-2.89,3.57,1.05,-1
2018-02-02,61.0,61.75,60.8,61.05,113514,0.05,0.95,0.08,1.56,0.48,-1
2018-02-01,61.0,61.6,60.7,61.25,141447,0.25,0.9,0.41,1.47,0.45,-1
2018-01-31,62.1,62.7,61.2,61.3,133350,-0.8,1.5,-1.31,2.45,0.75,-1
2018-01-30,61.85,62.6,61.35,61.82,120840,-0.02,1.25,-0.04,2.02,0.62,-1
2018-01-29,62.45,62.8,61.7,62.15,140990,-0.3,1.1,-0.48,1.77,0.55,-1
2018-01-26,63.7,63.7,62.2,62.5,112728,-1.2,1.5,-1.92,2.4,0.75,-1
2018-01-25,64.2,64.85,63.4,63.55,101426,-0.65,1.45,-1.02,2.28,0.72,-1
2018-01-24,65.0,65.0,63.65,64.15,221321,-0.85,1.35,-1.33,2.1,0.68,-1
2018-01-23,65.05,65.5,64.1,65.1,124014,0.05,1.4,0.08,2.15,0.7,1
2018-01-22,62.9,66.6,62.9,65.05,272180,2.15,3.7,3.31,5.69,1.85,1
2018-01-19,62.0,62.95,61.95,62.65,111655,0.65,1.0,1.04,1.6,0.5,1
2018-01-18,62.6,62.85,61.95,62.15,125894,-0.45,0.9,-0.72,1.45,0.45,-1
2018-01-17,61.6,63.15,61.6,62.55,222423,0.95,1.55,1.52,2.48,0.77,1
2018-01-16,61.6,61.95,60.8,61.45,180946,-0.15,1.15,-0.24,1.87,0.58,1
2018-01-12,61.25,61.6,60.7,61.35,101081,0.1,0.9,0.16,1.47,0.45,1
2018-01-11,60.05,61.3,59.85,61.2,120951,1.15,1.45,1.88,2.37,0.72,1
2018-01-10,59.75,60.15,59.5,59.95,205885,0.2,0.65,0.33,1.08,0.32,1
2018-01-09,59.65,60.2,59.25,59.65,135310,0.0,0.95,0.0,1.59,0.48,1
2018-01-08,59.75,60.0,59.1,59.5,121915,-0.25,0.9,-0.42,1.51,0.45,-1
2018-01-05,60.7,60.7,59.4,59.85,120674,-0.85,1.3,-1.42,2.17,0.65,-1
2018-01-04,60.65,61.4,60.45,60.55,86498,-0.1,0.95,-0.17,1.57,0.47,-1
2018-01-03,60.55,61.5,60.4,60.6,101037,0.05,1.1,0.08,1.82,0.55,-1
2018-01-02,61.8,61.88,60.43,60.7,134070,-1.1,1.45,-1.81,2.38,0.72,-1
2017-12-29,62.0,62.2,61.55,61.65,73530,-0.35,0.65,-0.57,1.05,0.33,-1
2017-12-28,61.35,62.0,61.3,62.0,116057,0.65,0.7,1.05,1.13,0.35,1
2017-12-27,60.8,61.0,59.65,60.55,110681,-0.25,1.35,-0.41,2.23,0.68,-1
2017-12-26,61.35,61.85,60.85,60.85,89527,-0.5,1.0,-0.82,1.64,0.5,-1
2017-12-22,62.15,62.3,61.3,61.4,122262,-0.75,1.0,-1.22,1.63,0.5,-1
2017-12-21,61.5,62.15,61.4,62.0,69716,0.5,0.75,0.81,1.21,0.38,1
2017-12-20,61.75,62.05,61.15,61.4,95557,-0.35,0.9,-0.57,1.47,0.45,-1
2017-12-19,61.9,62.3,61.5,61.55,120763,-0.35,0.8,-0.57,1.3,0.4,-1
2017-12-18,61.65,62.4,60.75,61.8,144959,0.15,1.65,0.24,2.67,0.82,1
2017-12-15,60.15,61.75,60.12,61.35,386742,1.2,1.62,1.96,2.65,0.81,1
2017-12-14,60.6,60.85,59.65,60.1,186244,-0.5,1.2,-0.83,2.0,0.6,-1
2017-12-13,60.75,61.15,60.35,60.55,216902,-0.2,0.8,-0.33,1.32,0.4,-1
2017-12-12,60.7,62.45,60.3,60.75,218611,0.05,2.15,0.08,3.54,1.08,1
2017-12-11,60.55,61.8,60.1,60.65,199864,0.1,1.7,0.16,2.8,0.85,1
2017-12-08,60.9,61.05,60.0,60.25,87364,-0.65,1.05,-1.08,1.74,0.52,-1
2017-12-07,60.7,61.2,60.4,60.75,177062,0.05,0.8,0.08,1.32,0.4,-1
2017-12-06,60.5,61.55,59.9,60.95,242738,0.45,1.65,0.74,2.71,0.82,1
2017-12-05,61.45,61.45,60.35,60.55,239601,-0.9,1.1,-1.49,1.82,0.55,-1
2017-12-04,61.6,62.8,61.15,61.45,142746,-0.15,1.65,-0.24,2.69,0.82,1
2017-12-01,61.3,61.3,58.95,61.0,148669,-0.3,2.35,-0.49,3.85,1.17,-1
2017-11-30,62.15,62.15,60.7,61.25,274882,-0.9,1.45,-1.47,2.37,0.72,-1
2017-11-29,61.35,62.85,61.2,61.95,239213,0.6,1.65,0.97,2.66,0.82,1
2017-11-28,60.5,61.45,60.18,61.2,324483,0.7,1.27,1.14,2.08,0.64,1
2017-11-27,60.6,61.3,60.45,60.5,172330,-0.1,0.85,-0.17,1.4,0.42,-1
2017-11-24,60.35,60.7,60.05,60.6,64830,0.25,0.65,0.41,1.07,0.33,1
2017-11-22,59.75,61.14,59.75,60.35,166541,0.6,1.39,0.99,2.3,0.69,1
2017-11-21,59.4,60.5,59.05,59.75,230748,0.35,1.45,0.59,2.43,0.73,1
2017-11-20,58.45,59.3,58.0,59.15,170584,0.7,1.3,1.18,2.2,0.65,1
2017-11-17,58.3,58.75,58.15,58.22,336546,-0.07,0.6,-0.13,1.03,0.3,-1
2017-11-16,59.6,59.6,58.45,58.5,222908,-1.1,1.15,-1.88,1.97,0.57,-1
2017-11-15,59.4,59.85,59.05,59.35,119190,-0.05,0.8,-0.08,1.35,0.4,-1
2017-11-14,59.6,60.1,59.3,59.7,81691,0.1,0.8,0.17,1.34,0.4,-1
2017-11-13,59.8,60.4,59.1,59.8,70773,0.0,1.3,0.0,2.17,0.65,-1
2017-11-10,60.1,60.6,59.25,60.0,109171,-0.1,1.35,-0.17,2.25,0.68,-1
2017-11-09,59.8,60.82,59.8,60.15,142990,0.35,1.03,0.58,1.7,0.51,-1
2017-11-08,59.9,60.5,59.75,60.25,162337,0.35,0.75,0.58,1.24,0.38,1
2017-11-07,60.75,61.0,59.6,59.95,262681,-0.8,1.4,-1.33,2.34,0.7,-1
2017-11-06,61.1,61.35,60.5,60.85,253019,-0.25,0.85,-0.41,1.4,0.43,-1
2017-11-03,61.45,62.4,60.1,61.4,172083,-0.05,2.3,-0.08,3.75,1.15,-1
2017-11-02,62.6,63.08,62.26,62.8,175263,0.2,0.82,0.32,1.31,0.41,1
2017-11-01,63.25,63.95,62.4,62.65,139798,-0.6,1.55,-0.96,2.47,0.78,-1
2017-10-31,62.9,63.3,62.65,62.95,148129,0.05,0.65,0.08,1.03,0.32,1
2017-10-30,63.85,64.05,62.75,62.85,150694,-1.0,1.3,-1.59,2.07,0.65,-1
2017-10-27,63.8,64.05,63.15,64.05,96887,0.25,0.9,0.39,1.41,0.45,1
2017-10-26,64.3,64.8,63.5,63.85,185905,-0.45,1.3,-0.7,2.04,0.65,-1
2017-10-25,63.95,64.7,63.75,63.9,117867,-0.05,0.95,-0.08,1.49,0.48,-1
2017-10-24,63.7,64.3,63.55,63.9,202415,0.2,0.75,0.31,1.17,0.38,1
2017-10-23,63.9,63.95,63.52,63.75,81186,-0.15,0.43,-0.24,0.67,0.21,-1
2017-10-20,64.15,64.15,63.7,63.8,132496,-0.35,0.45,-0.55,0.71,0.23,-1
2017-10-19,62.95,63.95,62.92,63.9,122947,0.95,1.03,1.49,1.6,0.51,1
2017-10-18,62.8,63.2,62.65,63.15,98056,0.35,0.55,0.55,0.87,0.28,1
2017-10-17,62.75,63.1,62.25,62.8,93178,0.05,0.85,0.08,1.35,0.43,-1
2017-10-16,63.1,63.1,62.18,62.9,101393,-0.2,0.93,-0.32,1.47,0.46,-1
2017-10-13,62.25,63.7,62.05,63.15,84899,0.9,1.65,1.43,2.61,0.83,1
2017-10-12,62.35,62.75,62.0,62.3,69276,-0.05,0.75,-0.08,1.2,0.38,-1
2017-10-11,62.9,62.95,62.38,62.5,127950,-0.4,0.57,-0.64,0.91,0.28,-1
2017-10-10,63.15,63.15,62.65,62.9,67421,-0.25,0.5,-0.4,0.79,0.25,1
2017-10-09,63.0,63.2,62.72,62.8,153761,-0.2,0.48,-0.32,0.76,0.24,-1
2017-10-06,62.65,63.05,62.5,63.0,147776,0.35,0.55,0.56,0.87,0.27,1
2017-10-05,62.35,62.7,62.0,62.55,90206,0.2,0.7,0.32,1.12,0.35,1
2017-10-04,63.0,63.0,61.75,62.0,92376,-1.0,1.25,-1.61,2.02,0.62,-1
2017-10-03,62.85,63.55,61.88,62.95,238117,0.1,1.67,0.16,2.66,0.84,1
2017-10-02,61.55,62.7,59.3,62.65,124205,1.1,3.4,1.76,5.43,1.7,1
2017-09-29,61.55,62.05,61.2,61.5,109320,-0.05,0.85,-0.08,1.38,0.42,-1
2017-09-28,61.35,61.8,60.8,61.8,86935,0.45,1.0,0.73,1.62,0.5,1
2017-09-27,61.05,61.4,60.4,61.35,160848,0.3,1.0,0.49,1.63,0.5,1
2017-09-26,60.85,60.9,60.5,60.75,106598,-0.1,0.4,-0.16,0.66,0.2,-1
2017-09-25,60.65,61.3,60.6,60.9,122722,0.25,0.7,0.41,1.15,0.35,1
2017-09-22,61.0,61.15,60.3,60.8,171207,-0.2,0.85,-0.33,1.4,0.43,1
2017-09-21,60.55,61.75,60.5,60.6,116452,0.05,1.25,0.08,2.06,0.62,1
2017-09-20,60.85,61.1,60.4,60.5,118627,-0.35,0.7,-0.58,1.16,0.35,-1
2017-09-19,60.6,61.55,60.6,60.85,61509,0.25,0.95,0.41,1.56,0.47,1
2017-09-18,61.35,61.35,60.5,60.7,98422,-0.65,0.85,-1.07,1.4,0.43,-1
2017-09-15,60.2,61.2,59.25,61.1,184967,0.9,1.95,1.47,3.19,0.98,1
2017-09-14,60.15,60.75,59.9,60.15,154049,0.0,0.85,0.0,1.41,0.43,-1
2017-09-13,59.2,60.45,58.85,60.45,139655,1.25,1.6,2.07,2.65,0.8,1
2017-09-12,59.5,60.2,59.1,59.45,150943,-0.05,1.1,-0.08,1.85,0.55,-1
2017-09-11,58.3,60.35,58.3,59.55,174959,1.25,2.05,2.1,3.44,1.03,1
2017-09-08,56.15,58.65,56.15,57.55,291603,1.4,2.5,2.43,4.34,1.25,1
2017-09-07,58.55,58.55,56.25,56.5,207198,-2.05,2.3,-3.63,4.07,1.15,-1
2017-09-06,57.9,59.7,57.5,58.65,142989,0.75,2.2,1.28,3.75,1.1,1
2017-09-05,60.55,60.65,57.8,57.85,141941,-2.7,2.85,-4.67,4.93,1.43,-1
2017-09-01,61.65,61.65,60.35,60.65,128202,-1.0,1.3,-1.65,2.14,0.65,1
2017-08-31,60.1,60.65,60.1,60.2,180874,0.1,0.55,0.17,0.91,0.27,1
2017-08-30,59.45,60.05,59.4,60.0,128250,0.55,0.65,0.92,1.08,0.32,1
2017-08-29,59.7,60.35,58.62,59.9,101125,0.2,1.73,0.33,2.88,0.86,-1
2017-08-28,60.65,60.65,59.15,60.05,113413,-0.6,1.5,-1.0,2.5,0.75,-1
2017-08-25,60.45,60.85,59.8,60.55,176451,0.1,1.05,0.17,1.73,0.53,1
2017-08-24,60.4,60.7,59.45,60.2,255397,-0.2,1.25,-0.33,2.08,0.62,-1
2017-08-23,59.9,60.6,59.5,60.3,109593,0.4,1.1,0.66,1.82,0.55,1
2017-08-22,60.55,60.95,60.0,60.2,70465,-0.35,0.95,-0.58,1.58,0.48,-1
2017-08-21,60.25,60.4,59.6,60.3,67604,0.05,0.8,0.08,1.33,0.4,-1
2017-08-18,59.45,60.7,59.04,60.5,118963,1.05,1.66,1.74,2.74,0.83,1
2017-08-17,60.1,60.4,59.65,59.75,88381,-0.35,0.75,-0.59,1.26,0.38,-1
2017-08-16,60.35,60.8,59.4,60.3,73811,-0.05,1.4,-0.08,2.32,0.7,1
2017-08-15,60.45,60.7,59.75,60.05,90310,-0.4,0.95,-0.67,1.58,0.48,-1
2017-08-14,59.5,60.65,59.4,60.35,160362,0.85,1.25,1.41,2.07,0.62,1
2017-08-11,59.4,60.1,58.4,59.15,97683,-0.25,1.7,-0.42,2.87,0.85,-1
2017-08-10,58.45,59.6,58.3,59.3,110849,0.85,1.3,1.43,2.19,0.65,1
2017-08-09,59.05,59.05,58.1,58.5,163787,-0.55,0.95,-0.94,1.62,0.47,-1
2017-08-08,65.0,65.0,59.3,59.35,244570,-5.65,5.7,-9.52,9.6,2.85,-1
2017-08-07,59.8,60.2,58.95,60.2,116590,0.4,1.25,0.66,2.08,0.62,1
2017-08-04,60.1,60.1,59.65,59.85,79047,-0.25,0.45,-0.42,0.75,0.23,-1
2017-08-03,59.9,60.35,59.8,59.95,63338,0.05,0.55,0.08,0.92,0.28,-1
2017-08-02,60.25,60.9,59.4,60.0,69333,-0.25,1.5,-0.42,2.5,0.75,-1
2017-08-01,60.3,60.3,59.6,60.25,76032,-0.05,0.7,-0.08,1.16,0.35,1
2017-07-31,60.35,60.35,59.65,59.95,85305,-0.4,0.7,-0.67,1.17,0.35,-1
2017-07-28,59.1,60.1,59.1,60.1,102416,1.0,1.0,1.66,1.66,0.5,1
2017-07-27,60.6,60.6,58.9,59.15,133660,-1.45,1.7,-2.45,2.87,0.85,-1
2017-07-26,61.4,61.58,60.45,60.55,102774,-0.85,1.12,-1.4,1.86,0.56,-1
2017-07-25,60.8,61.25,60.75,61.25,132533,0.45,0.5,0.73,0.82,0.25,1
2017-07-24,60.15,60.7,59.75,60.5,94032,0.35,0.95,0.58,1.57,0.48,1
2017-07-21,61.15,61.15,60.1,60.4,154794,-0.75,1.05,-1.24,1.74,0.52,-1
2017-07-20,60.9,61.2,60.45,60.85,152758,-0.05,0.75,-0.08,1.23,0.38,-1
2017-07-19,60.6,61.44,60.5,60.95,103437,0.35,0.95,0.57,1.55,0.47,1
2017-07-18,60.0,60.45,59.55,60.4,127001,0.4,0.9,0.66,1.49,0.45,1
2017-07-17,60.05,60.7,59.85,60.35,86436,0.3,0.85,0.5,1.41,0.43,-1
2017-07-14,60.45,60.75,60.25,60.35,90760,-0.1,0.5,-0.17,0.83,0.25,-1
2017-07-13,60.8,60.8,60.1,60.75,85230,-0.05,0.7,-0.08,1.15,0.35,-1
2017-07-12,60.9,61.3,60.45,60.85,47117,-0.05,0.85,-0.08,1.4,0.42,1
2017-07-11,60.9,60.9,59.95,60.65,124520,-0.25,0.95,-0.41,1.57,0.47,-1
2017-07-10,61.55,61.55,60.45,60.8,128302,-0.75,1.1,-1.23,1.81,0.55,-1
2017-07-07,60.9,61.7,60.65,61.65,86682,0.75,1.05,1.22,1.7,0.53,1
2017-07-06,60.4,60.85,59.2,60.75,104217,0.35,1.65,0.58,2.72,0.82,1
2017-07-05,61.55,61.6,59.95,60.6,98267,-0.95,1.65,-1.57,2.72,0.82,-1
2017-07-03,61.2,64.95,61.0,61.55,48102,0.35,3.95,0.57,6.42,1.98,1
2017-06-30,60.8,63.65,60.32,60.6,84011,-0.2,3.32,-0.33,5.49,1.66,-1
2017-06-29,60.8,62.15,60.2,60.85,142591,0.05,1.95,0.08,3.2,0.97,1
2017-06-28,59.65,60.45,59.38,60.45,75166,0.8,1.08,1.32,1.78,0.54,1
2017-06-27,59.25,59.75,59.2,59.35,108956,0.1,0.55,0.17,0.93,0.27,1
2017-06-26,59.65,59.9,59.05,59.3,90525,-0.35,0.85,-0.59,1.43,0.43,-1
2017-06-23,59.1,59.78,58.95,59.35,169610,0.25,0.82,0.42,1.39,0.41,1
2017-06-22,59.35,59.35,58.85,59.05,54248,-0.3,0.5,-0.51,0.85,0.25,-1
2017-06-21,59.75,60.0,59.15,59.3,68561,-0.45,0.85,-0.76,1.43,0.43,-1
2017-06-20,59.95,60.15,59.6,59.7,73546,-0.25,0.55,-0.42,0.92,0.27,-1
2017-06-19,60.75,61.3,60.0,60.1,72626,-0.65,1.3,-1.08,2.16,0.65,-1
2017-06-16,60.75,61.1,60.1,60.9,171769,0.15,1.0,0.25,1.64,0.5,-1
2017-06-15,60.7,61.2,60.38,61.2,81933,0.5,0.83,0.82,1.35,0.41,1
2017-06-14,61.3,61.3,60.6,60.95,71988,-0.35,0.7,-0.57,1.15,0.35,-1
2017-06-13,61.1,61.5,60.75,61.4,84587,0.3,0.75,0.49,1.22,0.38,1
2017-06-12,61.6,62.45,56.2,61.0,106824,-0.6,6.25,-0.98,10.25,3.12,-1
2017-06-09,61.35,62.05,60.55,61.6,174001,0.25,1.5,0.41,2.44,0.75,1
2017-06-08,60.4,61.6,60.2,61.1,136467,0.7,1.4,1.15,2.29,0.7,1
2017-06-07,60.5,61.25,60.3,60.7,294640,0.2,0.95,0.33,1.57,0.48,1
2017-06-06,61.2,61.5,59.35,60.4,147651,-0.8,2.15,-1.32,3.56,1.07,-1
2017-06-05,62.55,62.55,60.54,61.65,82885,-0.9,2.01,-1.46,3.26,1.0,-1
2017-06-02,62.5,63.5,62.5,62.7,129142,0.2,1.0,0.32,1.59,0.5,1
2017-06-01,62.0,62.5,61.65,62.5,84048,0.5,0.85,0.8,1.36,0.43,1
2017-05-31,62.1,62.45,61.3,61.9,60361,-0.2,1.15,-0.32,1.86,0.58,-1
2017-05-30,62.4,62.5,61.6,62.0,63544,-0.4,0.9,-0.65,1.45,0.45,-1
2017-05-26,62.3,62.6,61.84,62.6,73057,0.3,0.76,0.48,1.21,0.38,1
2017-05-25,62.45,62.75,61.86,62.2,58069,-0.25,0.89,-0.4,1.42,0.44,-1
2017-05-24,62.3,62.75,61.9,62.3,173720,0.0,0.85,0.0,1.36,0.43,1
2017-05-23,61.6,62.15,61.3,62.1,146618,0.5,0.85,0.81,1.37,0.42,1
2017-05-22,61.9,62.6,61.15,61.5,103903,-0.4,1.45,-0.65,2.36,0.73,-1
2017-05-19,61.4,62.05,61.35,61.85,188278,0.45,0.7,0.73,1.13,0.35,1
2017-05-18,61.25,62.2,61.1,61.55,139098,0.3,1.1,0.49,1.79,0.55,1
2017-05-17,62.1,62.3,60.85,61.3,287862,-0.8,1.45,-1.31,2.37,0.72,-1
2017-05-16,64.2,64.2,62.7,63.0,235996,-1.2,1.5,-1.9,2.38,0.75,-1
2017-05-15,63.95,64.6,63.9,64.1,94849,0.15,0.7,0.23,1.09,0.35,1
2017-05-12,65.1,65.1,63.7,63.8,170429,-1.3,1.4,-2.04,2.19,0.7,-1
2017-05-11,65.7,65.8,65.1,65.35,162380,-0.35,0.7,-0.54,1.07,0.35,-1
2017-05-10,65.35,65.88,65.35,65.8,159841,0.45,0.53,0.68,0.8,0.26,1
2017-05-09,65.2,65.75,65.2,65.5,169271,0.3,0.55,0.46,0.84,0.27,1
2017-05-08,65.45,65.7,64.7,65.25,154401,-0.2,1.0,-0.31,1.53,0.5,-1
2017-05-05,66.5,66.85,65.3,65.45,76117,-1.05,1.55,-1.6,2.37,0.77,-1
2017-05-04,66.4,67.1,64.7,66.2,86875,-0.2,2.4,-0.3,3.63,1.2,1
2017-05-03,66.1,66.7,65.4,65.55,90426,-0.55,1.3,-0.84,1.98,0.65,-1
2017-05-02,66.6,66.7,65.9,66.2,66023,-0.4,0.8,-0.6,1.21,0.4,-1
2017-05-01,66.1,66.55,65.85,66.45,81542,0.35,0.7,0.53,1.05,0.35,1
2017-04-28,67.7,67.85,65.85,65.95,142770,-1.75,2.0,-2.65,3.03,1.0,-1
2017-04-27,68.35,68.45,67.55,67.65,87197,-0.7,0.9,-1.03,1.33,0.45,-1
2017-04-26,66.65,68.7,66.25,68.1,165825,1.45,2.45,2.13,3.6,1.23,1
2017-04-25,66.85,67.35,66.55,66.65,174383,-0.2,0.8,-0.3,1.2,0.4,1
2017-04-24,66.0,66.45,65.7,66.45,180235,0.45,0.75,0.68,1.13,0.38,1
2017-04-21,64.95,65.85,64.9,65.15,110281,0.2,0.95,0.31,1.46,0.47,-1
2017-04-20,65.45,65.8,65.0,65.2,149072,-0.25,0.8,-0.38,1.23,0.4,-1
2017-04-19,65.35,65.9,65.2,65.35,74434,0.0,0.7,0.0,1.07,0.35,-1
2017-04-18,65.25,65.35,64.65,65.35,74724,0.1,0.7,0.15,1.07,0.35,-1
2017-04-17,64.55,65.64,64.3,65.5,79583,0.95,1.34,1.45,2.05,0.67,1
2017-04-13,65.45,65.84,64.4,64.4,65281,-1.05,1.44,-1.63,2.23,0.72,-1
2017-04-12,66.3,66.35,64.6,65.6,44747,-0.7,1.75,-1.07,2.67,0.88,-1
2017-04-11,65.55,66.6,65.55,66.5,53383,0.95,1.05,1.43,1.58,0.52,1
2017-04-10,65.65,65.95,65.2,65.9,53096,0.25,0.75,0.38,1.14,0.38,1
2017-04-07,66.05,66.1,65.45,65.5,69730,-0.55,0.65,-0.84,0.99,0.32,-1
2017-04-06,66.2,66.25,65.5,66.15,63741,-0.05,0.75,-0.08,1.13,0.38,-1
2017-04-05,67.75,67.92,66.2,66.3,130731,-1.45,1.72,-2.19,2.59,0.86,-1
2017-04-04,67.65,68.35,67.25,67.45,75614,-0.2,1.1,-0.3,1.63,0.55,-1
2017-04-03,67.65,68.1,67.4,67.68,241250,0.02,0.7,0.04,1.03,0.35,-1
2017-03-31,66.7,68.15,65.64,67.8,239476,1.1,2.51,1.62,3.7,1.25,1
2017-03-30,65.8,67.0,65.8,66.75,105112,0.95,1.2,1.42,1.8,0.6,1
2017-03-29,65.45,65.75,65.05,65.7,74671,0.25,0.7,0.38,1.07,0.35,-1
2017-03-28,65.05,66.05,65.05,65.8,68754,0.75,1.0,1.14,1.52,0.5,1
2017-03-27,64.75,65.6,64.6,65.4,59438,0.65,1.0,0.99,1.53,0.5,-1
2017-03-24,65.85,65.9,65.42,65.55,79541,-0.3,0.48,-0.46,0.73,0.24,-1
2017-03-23,64.9,66.0,64.32,65.65,75636,0.75,1.67,1.14,2.55,0.84,1
2017-03-22,65.25,65.5,64.65,65.1,82815,-0.15,0.85,-0.23,1.31,0.42,-1
2017-03-21,66.8,66.8,65.25,65.35,97565,-1.45,1.55,-2.22,2.37,0.77,-1
2017-03-20,67.2,67.4,66.4,66.45,59546,-0.75,1.0,-1.13,1.5,0.5,-1
2017-03-17,66.9,67.45,66.4,67.2,392273,0.3,1.05,0.45,1.56,0.52,-1
2017-03-16,67.85,67.95,66.8,67.2,107966,-0.65,1.15,-0.97,1.71,0.58,-1
2017-03-15,67.7,68.4,66.8,67.75,184830,0.05,1.6,0.07,2.36,0.8,1
2017-03-14,67.1,67.5,66.45,67.3,128384,0.2,1.05,0.3,1.56,0.52,1
2017-03-13,67.55,68.0,66.95,67.25,93024,-0.3,1.05,-0.45,1.56,0.52,-1
2017-03-10,67.75,68.3,66.79,67.65,126830,-0.1,1.51,-0.15,2.24,0.76,1
2017-03-09,67.45,67.85,67.05,67.25,120237,-0.2,0.8,-0.3,1.19,0.4,1
2017-03-08,67.6,67.63,66.85,67.2,119626,-0.4,0.78,-0.6,1.16,0.39,-1
2017-03-07,66.95,67.35,66.45,67.25,100032,0.3,0.9,0.45,1.34,0.45,1
2017-03-06,67.2,67.38,66.85,67.05,66418,-0.15,0.53,-0.22,0.78,0.26,-1
2017-03-03,68.5,68.55,67.45,67.65,85768,-0.85,1.1,-1.26,1.63,0.55,-1
2017-03-02,68.85,68.9,68.15,68.2,82456,-0.65,0.75,-0.95,1.1,0.38,-1
2017-03-01,67.1,69.03,67.1,68.8,187025,1.7,1.93,2.47,2.8,0.96,1
2017-02-28,67.15,67.2,66.6,66.95,118150,-0.2,0.6,-0.3,0.9,0.3,-1
2017-02-27,67.8,68.0,67.1,67.22,94780,-0.58,0.9,-0.86,1.34,0.45,-1
2017-02-24,68.15,68.75,67.55,67.85,98742,-0.3,1.2,-0.44,1.77,0.6,-1
2017-02-23,68.05,68.75,67.65,68.45,94068,0.4,1.1,0.58,1.6,0.55,1
2017-02-22,67.05,67.95,67.05,67.9,77677,0.85,0.9,1.25,1.33,0.45,1
2017-02-21,66.75,67.25,66.2,67.2,105501,0.45,1.05,0.67,1.56,0.52,1
2017-02-17,67.65,67.75,66.08,66.6,101217,-1.05,1.67,-1.58,2.52,0.84,-1
2017-02-16,66.55,67.5,66.5,67.5,149372,0.95,1.0,1.41,1.48,0.5,1
2017-02-15,67.15,67.15,65.55,66.4,272070,-0.75,1.6,-1.13,2.41,0.8,-1
2017-02-14,64.95,67.8,63.6,67.5,212877,2.55,4.2,3.78,6.22,2.1,1
2017-02-13,65.4,66.0,65.0,65.95,106539,0.55,1.0,0.83,1.52,0.5,1
2017-02-10,65.2,65.3,64.7,65.2,47661,0.0,0.6,0.0,0.92,0.3,1
2017-02-09,64.05,65.05,63.8,64.8,104276,0.75,1.25,1.16,1.93,0.62,1
2017-02-08,64.45,64.45,63.55,63.8,56787,-0.65,0.9,-1.02,1.41,0.45,-1
2017-02-07,64.7,64.85,64.1,64.25,56902,-0.45,0.75,-0.7,1.17,0.38,-1
2017-02-06,65.15,65.55,64.35,64.4,96547,-0.75,1.2,-1.16,1.86,0.6,-1
2017-02-03,64.9,65.15,64.3,65.1,63939,0.2,0.85,0.31,1.31,0.43,1
2017-02-02,63.95,64.9,63.9,64.4,60694,0.45,1.0,0.7,1.55,0.5,1
2017-02-01,64.4,64.65,63.9,63.9,86299,-0.5,0.75,-0.78,1.17,0.38,-1
2017-01-31,64.0,64.4,63.4,63.95,155202,-0.05,1.0,-0.08,1.56,0.5,-1
2017-01-30,65.05,65.55,64.15,64.35,63273,-0.7,1.4,-1.09,2.18,0.7,-1
2017-01-27,65.85,65.85,65.05,65.5,78704,-0.35,0.8,-0.53,1.22,0.4,-1
2017-01-26,65.65,66.15,65.3,65.9,62667,0.25,0.85,0.38,1.29,0.43,1
2017-01-25,65.7,66.25,65.15,65.6,184432,-0.1,1.1,-0.15,1.68,0.55,1
2017-01-24,64.95,65.45,63.9,65.25,122177,0.3,1.55,0.46,2.38,0.78,1
2017-01-23,64.25,64.95,64.05,64.7,92324,0.45,0.9,0.7,1.39,0.45,1
2017-01-20,63.5,64.3,63.5,64.2,85669,0.7,0.8,1.09,1.25,0.4,1
2017-01-19,64.5,64.65,63.35,63.8,67233,-0.7,1.3,-1.1,2.04,0.65,-1
2017-01-18,63.1,64.7,63.1,64.45,103448,1.35,1.6,2.09,2.48,0.8,1
2017-01-17,64.15,64.45,63.75,64.1,133829,-0.05,0.7,-0.08,1.09,0.35,-1
2017-01-13,64.5,65.3,64.2,64.5,110218,0.0,1.1,0.0,1.71,0.55,1
2017-01-12,65.0,65.0,63.45,64.2,70910,-0.8,1.55,-1.25,2.41,0.77,-1
2017-01-11,64.7,65.35,64.7,65.2,55923,0.5,0.65,0.77,1.0,0.32,1
2017-01-10,64.0,65.0,63.9,64.95,92326,0.95,1.1,1.46,1.69,0.55,1
2017-01-09,65.25,65.25,64.0,64.1,84398,-1.15,1.25,-1.79,1.95,0.62,-1
2017-01-06,65.4,65.85,65.12,65.5,49510,0.1,0.72,0.15,1.11,0.36,1
2017-01-05,66.55,66.55,65.3,65.4,80364,-1.15,1.25,-1.76,1.91,0.62,-1
2017-01-04,66.0,66.9,66.0,66.6,68174,0.6,0.9,0.9,1.35,0.45,1
2017-01-03,66.4,66.55,65.5,66.1,70403,-0.3,1.05,-0.45,1.59,0.52,1
2016-12-30,66.2,66.2,65.3,65.9,177746,-0.3,0.9,-0.46,1.37,0.45,-1
2016-12-29,66.3,66.7,65.85,66.15,62434,-0.15,0.85,-0.23,1.28,0.43,-1
2016-12-28,66.8,66.8,65.9,66.25,73113,-0.55,0.9,-0.83,1.36,0.45,-1
2016-12-27,67.05,67.35,66.05,66.7,41761,-0.35,1.3,-0.52,1.95,0.65,-1
2016-12-23,66.7,67.15,66.0,66.9,52428,0.2,1.15,0.3,1.72,0.58,1
2016-12-22,66.65,66.95,65.7,66.8,91991,0.15,1.25,0.22,1.87,0.62,1
2016-12-21,66.4,66.85,66.05,66.6,124880,0.2,0.8,0.3,1.2,0.4,1
2016-12-20,65.9,66.45,65.4,66.35,86807,0.45,1.05,0.68,1.58,0.52,1
2016-12-19,65.75,66.25,65.1,65.55,309576,-0.2,1.15,-0.31,1.75,0.58,-1
2016-12-16,65.25,66.0,65.0,65.65,295422,0.4,1.0,0.61,1.52,0.5,1
2016-12-15,64.4,65.2,64.15,65.0,191188,0.6,1.05,0.92,1.62,0.52,1
2016-12-14,65.05,65.1,64.3,64.45,184751,-0.6,0.8,-0.93,1.24,0.4,-1
2016-12-13,65.35,65.7,64.2,64.75,204028,-0.6,1.5,-0.93,2.32,0.75,-1
2016-12-12,64.6,65.6,64.6,65.35,127783,0.75,1.0,1.15,1.53,0.5,1
2016-12-09,63.7,64.82,63.4,64.75,199768,1.05,1.43,1.62,2.2,0.71,1
2016-12-08,63.35,63.9,63.0,63.75,278307,0.4,0.9,0.63,1.41,0.45,1
2016-12-07,63.4,63.52,62.5,63.05,256846,-0.35,1.02,-0.56,1.63,0.51,-1
2016-12-06,62.9,63.25,62.35,63.1,289133,0.2,0.9,0.32,1.43,0.45,1
2016-12-05,62.8,63.3,62.55,62.85,189629,0.05,0.75,0.08,1.19,0.38,1
2016-12-02,62.95,63.4,62.55,62.7,140018,-0.25,0.85,-0.4,1.36,0.43,-1
2016-12-01,63.4,64.6,63.2,63.3,232099,-0.1,1.4,-0.16,2.21,0.7,-1
2016-11-30,64.1,64.2,63.4,63.45,156456,-0.65,0.8,-1.02,1.26,0.4,-1
2016-11-29,64.4,64.6,63.6,63.75,131426,-0.65,1.0,-1.02,1.57,0.5,-1
2016-11-28,64.85,64.9,64.2,64.4,212203,-0.45,0.7,-0.7,1.09,0.35,-1
2016-11-25,64.5,65.4,64.25,65.05,97020,0.55,1.15,0.85,1.77,0.58,1
2016-11-23,64.8,64.95,64.3,64.35,184758,-0.45,0.65,-0.7,1.01,0.33,-1
2016-11-22,64.9,64.9,63.7,64.5,196537,-0.4,1.2,-0.62,1.85,0.6,-1
2016-11-21,65.2,65.3,64.4,64.6,161299,-0.6,0.9,-0.93,1.39,0.45,-1
2016-11-18,66.2,66.2,64.2,65.2,177279,-1.0,2.0,-1.53,3.07,1.0,-1
2016-11-17,65.4,66.3,65.3,65.9,216265,0.5,1.0,0.76,1.52,0.5,-1
2016-11-16,65.55,66.35,63.4,66.3,115179,0.75,2.95,1.13,4.45,1.47,1
2016-11-15,65.9,66.1,64.4,65.55,277036,-0.35,1.7,-0.53,2.59,0.85,-1
2016-11-14,64.95,67.6,64.25,65.9,315405,0.95,3.35,1.44,5.08,1.67,1
2016-11-11,62.75,64.05,62.1,63.85,228020,1.1,1.95,1.72,3.05,0.97,1
2016-11-10,61.35,62.9,60.45,62.5,228791,1.15,2.45,1.84,3.92,1.22,1
2016-11-09,58.85,60.05,58.3,59.95,127086,1.1,1.75,1.83,2.92,0.88,1
2016-11-08,58.15,58.95,58.15,58.7,76752,0.55,0.8,0.94,1.36,0.4,1
2016-11-07,58.9,58.95,58.15,58.45,131298,-0.45,0.8,-0.77,1.37,0.4,1
2016-11-04,57.8,58.15,57.15,57.95,130364,0.15,1.0,0.26,1.73,0.5,1
2016-11-03,57.3,57.95,57.05,57.85,111347,0.55,0.9,0.95,1.56,0.45,1
2016-11-02,55.7,57.5,54.85,57.2,179546,1.5,2.65,2.62,4.63,1.32,1
2016-11-01,55.7,56.0,54.5,54.65,94385,-1.05,1.5,-1.92,2.74,0.75,-1
2016-10-31,55.25,55.85,54.95,55.6,103873,0.35,0.9,0.63,1.62,0.45,1
2016-10-28,54.95,55.45,54.4,55.25,73470,0.3,1.05,0.54,1.9,0.53,1
2016-10-27,55.55,55.6,54.5,54.9,75395,-0.65,1.1,-1.18,2.0,0.55,-1
2016-10-26,55.85,56.05,55.6,55.65,77534,-0.2,0.45,-0.36,0.81,0.22,-1
2016-10-25,55.9,56.05,55.55,55.95,54473,0.05,0.5,0.09,0.89,0.25,-1
2016-10-24,56.1,56.35,55.65,55.95,82988,-0.15,0.7,-0.27,1.25,0.35,1
2016-10-21,56.0,56.4,55.15,55.75,110183,-0.25,1.25,-0.45,2.24,0.62,-1
2016-10-20,57.7,57.7,56.35,56.45,173146,-1.25,1.35,-2.21,2.39,0.68,-1
2016-10-19,57.8,58.05,57.38,57.95,100075,0.15,0.67,0.26,1.16,0.34,1
2016-10-18,58.0,58.05,57.4,57.8,100043,-0.2,0.65,-0.35,1.12,0.32,-1
2016-10-17,57.7,57.9,57.55,57.8,77853,0.1,0.35,0.17,0.61,0.18,1
2016-10-14,57.59,57.86,57.36,57.69,86383,0.1,0.5,0.17,0.87,0.25,1
2016-10-13,57.29,57.59,56.8,57.5,91131,0.21,0.79,0.37,1.37,0.4,1
2016-10-12,57.17,57.91,57.17,57.47,58616,0.3,0.74,0.52,1.29,0.37,1
2016-10-11,57.56,57.63,56.97,57.16,71400,-0.4,0.66,-0.7,1.15,0.33,-1
2016-10-10,56.92,57.92,56.72,57.83,176656,0.91,1.2,1.57,2.07,0.6,1
2016-10-07,56.32,57.21,56.32,56.89,74142,0.57,0.89,1.0,1.56,0.45,1
2016-10-06,56.93,56.93,56.13,56.4,115693,-0.53,0.8,-0.94,1.42,0.4,-1
2016-10-05,56.5,57.02,56.5,56.79,188859,0.29,0.52,0.51,0.92,0.26,1
2016-10-04,55.55,56.68,54.97,56.51,188227,0.96,1.71,1.7,3.03,0.86,1
2016-10-03,56.47,56.72,55.54,55.75,77311,-0.72,1.18,-1.29,2.12,0.59,-1
2016-09-30,56.18,56.69,55.82,56.42,103372,0.24,0.87,0.43,1.54,0.43,1
2016-09-29,56.18,56.86,55.98,56.1,127397,-0.08,0.88,-0.14,1.57,0.44,-1
2016-09-28,55.63,56.59,55.4,56.48,102995,0.85,1.19,1.5,2.11,0.6,1
2016-09-27,55.3,55.61,55.18,55.49,107120,0.19,0.43,0.34,0.77,0.21,1
2016-09-26,55.99,55.99,55.24,55.34,85157,-0.65,0.75,-1.17,1.36,0.38,-1
2016-09-23,56.65,56.65,55.94,55.94,83227,-0.71,0.71,-1.27,1.27,0.36,-1
2016-09-22,56.16,56.94,55.76,56.89,72682,0.73,1.18,1.28,2.07,0.59,1
2016-09-21,55.59,56.36,55.24,56.12,73887,0.53,1.12,0.94,2.0,0.56,1
2016-09-20,55.57,56.07,55.54,55.54,62242,-0.03,0.53,-0.05,0.95,0.27,1
2016-09-19,55.93,56.25,54.91,55.5,158214,-0.43,1.34,-0.77,2.41,0.67,-1
2016-09-16,56.18,56.4,55.84,55.98,373939,-0.2,0.56,-0.36,1.0,0.28,-1
2016-09-15,55.45,56.06,55.4,56.06,68791,0.61,0.66,1.09,1.18,0.33,1
2016-09-14,56.0,56.31,55.33,55.43,148330,-0.57,0.98,-1.03,1.77,0.49,-1
2016-09-13,55.91,56.25,55.62,55.93,147394,0.02,0.63,0.04,1.13,0.32,-1
2016-09-12,55.84,56.41,55.42,56.37,80347,0.53,0.99,0.94,1.75,0.49,1
2016-09-09,56.62,56.95,55.73,55.73,108052,-0.89,1.22,-1.6,2.19,0.61,-1
2016-09-08,57.2,57.44,56.92,57.0,117308,-0.2,0.52,-0.35,0.92,0.26,-1
2016-09-07,56.82,57.34,56.63,57.29,124991,0.47,0.71,0.82,1.24,0.36,1
2016-09-06,56.57,56.75,56.16,56.64,111751,0.07,0.59,0.12,1.04,0.3,-1
2016-09-02,56.73,57.14,56.05,56.7,168013,-0.02,1.09,-0.04,1.92,0.55,1
2016-09-01,56.71,56.79,55.86,56.64,125376,-0.07,0.93,-0.12,1.64,0.46,-1
2016-08-31,57.01,57.37,56.4,56.74,160909,-0.27,0.97,-0.48,1.71,0.48,-1
2016-08-30,56.94,57.25,56.78,57.15,125133,0.21,0.47,0.37,0.82,0.23,1
2016-08-29,56.7,57.96,56.7,57.01,74611,0.31,1.26,0.54,2.21,0.63,1
2016-08-26,56.76,57.02,56.33,56.7,81702,-0.06,0.69,-0.11,1.22,0.35,-1
2016-08-25,56.5,56.89,56.32,56.74,79709,0.24,0.57,0.42,1.0,0.29,1
2016-08-24,55.93,56.66,55.83,56.56,183637,0.63,0.83,1.11,1.46,0.41,1
2016-08-23,55.56,56.06,55.56,55.97,94028,0.41,0.5,0.73,0.89,0.25,1
2016-08-22,55.84,56.0,55.32,55.64,123758,-0.2,0.67,-0.36,1.21,0.34,-1
2016-08-19,55.51,56.03,55.44,55.76,158604,0.25,0.59,0.45,1.06,0.3,1
2016-08-18,55.37,55.52,54.94,55.48,120394,0.11,0.58,0.2,1.05,0.29,1
2016-08-17,55.01,55.5,54.7,55.31,111506,0.3,0.8,0.54,1.45,0.4,1
2016-08-16,54.8,55.31,54.53,54.95,137429,0.15,0.78,0.27,1.42,0.39,-1
2016-08-15,54.75,55.1,54.58,55.02,70655,0.27,0.52,0.49,0.95,0.26,1
2016-08-12,54.53,54.98,54.4,54.87,111577,0.34,0.58,0.62,1.06,0.29,1
2016-08-11,54.94,54.98,54.17,54.55,140084,-0.39,0.81,-0.71,1.48,0.4,-1
2016-08-10,54.75,55.09,54.52,54.88,83617,0.13,0.57,0.24,1.04,0.28,1
2016-08-09,54.59,54.94,54.59,54.84,64188,0.25,0.35,0.46,0.64,0.17,1
2016-08-08,54.31,55.36,54.15,54.77,131675,0.46,1.21,0.84,2.21,0.61,1
2016-08-05,54.55,54.58,54.13,54.47,130397,-0.08,0.45,-0.15,0.84,0.23,1
2016-08-04,54.47,55.38,54.02,54.26,128923,-0.21,1.36,-0.39,2.52,0.68,1
2016-08-03,55.48,57.65,53.91,54.15,383529,-1.33,3.74,-2.46,6.91,1.87,1
2016-08-02,51.55,52.02,51.33,51.54,154844,-0.01,0.69,-0.02,1.34,0.35,-1
2016-08-01,52.04,52.38,51.54,51.71,78335,-0.33,0.84,-0.64,1.62,0.42,-1
2016-07-29,52.83,52.83,51.65,51.89,109865,-0.94,1.18,-1.81,2.27,0.59,-1
2016-07-28,52.5,53.08,52.27,52.7,171981,0.2,0.81,0.38,1.54,0.4,1
2016-07-27,52.35,52.9,52.33,52.63,62930,0.28,0.57,0.53,1.08,0.29,1
2016-07-26,52.37,52.99,52.02,52.34,82159,-0.03,0.97,-0.06,1.85,0.48,1
2016-07-25,52.29,52.66,52.17,52.23,121305,-0.06,0.49,-0.11,0.94,0.24,1
2016-07-22,51.95,52.61,51.93,52.15,81331,0.2,0.68,0.38,1.3,0.34,1
2016-07-21,51.77,51.89,51.19,51.75,190816,-0.02,0.7,-0.04,1.35,0.35,-1
2016-07-20,52.15,52.92,51.76,52.0,154121,-0.15,1.16,-0.29,2.22,0.58,1
2016-07-19,52.35,52.39,51.81,51.99,169809,-0.36,0.58,-0.69,1.12,0.29,-1
2016-07-18,52.53,53.0,52.07,52.25,135077,-0.28,0.93,-0.54,1.78,0.46,-1
2016-07-15,53.29,53.34,52.5,52.81,152474,-0.48,0.84,-0.91,1.59,0.42,-1
2016-07-14,53.22,53.49,52.81,53.02,135140,-0.2,0.68,-0.38,1.28,0.34,-1
2016-07-13,52.6,53.32,52.41,53.04,115177,0.44,0.91,0.83,1.71,0.45,1
2016-07-12,52.31,52.73,51.96,52.55,134742,0.24,0.77,0.46,1.47,0.38,1
2016-07-11,51.9,52.47,51.86,51.88,135557,-0.02,0.61,-0.04,1.18,0.3,-1
2016-07-08,52.27,52.3,51.76,52.29,154500,0.02,0.54,0.04,1.03,0.27,1
2016-07-07,52.18,52.27,51.72,51.94,112960,-0.24,0.55,-0.46,1.06,0.27,-1
2016-07-06,52.0,52.46,51.65,52.02,187219,0.02,0.81,0.04,1.56,0.41,-1
2016-07-05,52.07,52.4,51.75,52.29,160875,0.22,0.65,0.42,1.24,0.32,1
2016-07-01,51.95,52.74,51.9,52.2,182048,0.25,0.84,0.48,1.61,0.42,1
2016-06-30,50.48,52.02,50.43,51.9,164014,1.42,1.59,2.74,3.06,0.8,1
2016-06-29,50.33,50.84,50.13,50.49,147454,0.16,0.71,0.32,1.41,0.36,1
2016-06-28,49.65,50.18,49.5,49.81,139103,0.16,0.68,0.32,1.37,0.34,1
2016-06-27,50.11,50.32,49.1,49.35,301074,-0.76,1.22,-1.54,2.47,0.61,-1
2016-06-24,50.5,51.18,49.82,50.56,423814,0.06,1.36,0.12,2.69,0.68,-1
2016-06-23,51.2,52.1,50.89,51.65,121516,0.45,1.21,0.87,2.35,0.61,1
2016-06-22,50.78,51.09,50.51,50.7,130557,-0.08,0.58,-0.16,1.14,0.29,1
2016-06-21,50.88,50.88,50.39,50.64,113298,-0.24,0.49,-0.47,0.97,0.25,-1
2016-06-20,51.24,51.59,50.69,50.72,124320,-0.52,0.9,-1.03,1.77,0.45,-1
2016-06-17,51.6,51.6,50.57,50.76,282901,-0.84,1.03,-1.65,2.03,0.52,-1
2016-06-16,51.0,51.68,50.97,51.43,158734,0.43,0.71,0.84,1.38,0.36,-1
2016-06-15,52.42,52.85,51.44,51.45,92605,-0.97,1.41,-1.89,2.74,0.71,-1
2016-06-14,52.36,52.51,51.9,52.16,70393,-0.2,0.61,-0.38,1.17,0.3,-1
2016-06-13,53.13,53.58,52.46,52.59,75036,-0.54,1.12,-1.03,2.13,0.56,-1
2016-06-10,53.69,53.83,53.27,53.52,88767,-0.17,0.56,-0.32,1.05,0.28,-1
2016-06-09,54.08,54.92,53.16,53.89,73341,-0.19,1.76,-0.35,3.27,0.88,-1
2016-06-08,53.53,54.25,53.15,54.22,102162,0.69,1.1,1.27,2.03,0.55,1
2016-06-07,53.37,54.33,53.1,53.41,76510,0.04,1.23,0.07,2.3,0.61,-1
2016-06-06,53.14,53.71,53.03,53.45,89071,0.31,0.68,0.58,1.27,0.34,1
2016-06-03,53.27,53.86,52.39,53.13,68392,-0.14,1.46,-0.26,2.76,0.73,-1
2016-06-02,52.99,53.49,52.78,53.49,81007,0.5,0.71,0.93,1.32,0.35,1
2016-06-01,52.4,53.44,52.4,53.36,136795,0.96,1.04,1.8,1.95,0.52,1
2016-05-31,52.74,53.04,52.35,52.65,86654,-0.09,0.69,-0.17,1.31,0.34,-1
2016-05-27,52.32,53.61,52.32,52.86,96011,0.54,1.29,1.02,2.43,0.64,-1
2016-05-26,57.93,58.23,57.72,57.96,97693,0.03,0.51,0.05,0.88,0.25,1
2016-05-25,58.35,58.87,57.67,57.93,117556,-0.42,1.2,-0.73,2.08,0.6,-1
2016-05-24,57.77,58.63,57.68,58.35,128278,0.58,0.95,0.99,1.63,0.48,1
2016-05-23,58.34,58.93,57.3,57.74,86773,-0.6,1.63,-1.04,2.82,0.81,-1
2016-05-20,57.83,58.68,57.83,58.5,126040,0.67,0.85,1.15,1.45,0.43,1
2016-05-19,57.68,58.25,57.03,57.61,148397,-0.07,1.22,-0.12,2.12,0.61,-1
2016-05-18,57.46,58.41,57.39,58.1,171175,0.64,1.02,1.1,1.76,0.51,1
2016-05-17,58.46,58.62,56.95,57.58,104985,-0.88,1.67,-1.53,2.9,0.83,-1
2016-05-16,58.62,59.17,57.94,58.72,113195,0.1,1.23,0.17,2.1,0.62,1
2016-05-13,58.35,59.48,57.88,58.64,157911,0.29,1.59,0.49,2.72,0.8,1
2016-05-12,58.11,58.7,57.83,58.36,88290,0.25,0.87,0.43,1.49,0.44,1
2016-05-11,58.59,59.09,57.7,58.05,111231,-0.54,1.4,-0.93,2.4,0.7,-1
2016-05-10,58.41,58.78,55.42,58.78,151985,0.37,3.37,0.63,5.72,1.68,1
2016-05-09,57.75,58.57,57.16,58.31,129309,0.56,1.41,0.96,2.42,0.71,1
2016-05-06,57.23,58.43,56.9,57.97,138993,0.74,1.53,1.28,2.64,0.77,1
2016-05-05,57.91,58.68,56.68,57.31,139451,-0.6,2.0,-1.05,3.5,1.0,-1
2016-05-04,58.68,59.79,57.94,57.94,119448,-0.74,1.85,-1.28,3.19,0.93,-1
2016-05-03,58.66,60.85,57.51,59.0,543096,0.34,3.34,0.58,5.66,1.67,1
2016-05-02,54.7,56.07,54.61,55.88,214508,1.18,1.46,2.11,2.61,0.73,1
2016-04-29,55.51,55.64,54.84,54.97,168331,-0.54,0.79,-0.98,1.45,0.4,-1
2016-04-28,56.18,56.8,55.36,55.47,146713,-0.71,1.44,-1.28,2.6,0.72,-1
2016-04-27,56.65,56.99,55.42,56.28,112908,-0.37,1.57,-0.66,2.79,0.79,-1
2016-04-26,56.58,57.14,56.0,56.77,84573,0.19,1.14,0.33,2.01,0.57,1
2016-04-25,55.31,56.63,55.06,56.59,96254,1.28,1.57,2.26,2.77,0.79,1
2016-04-22,55.13,56.18,54.96,55.49,239271,0.36,1.22,0.65,2.2,0.61,1
2016-04-21,55.73,55.92,54.86,55.21,126848,-0.52,1.06,-0.94,1.92,0.53,-1
2016-04-20,56.23,56.61,55.12,55.95,111823,-0.28,1.49,-0.5,2.66,0.75,-1
2016-04-19,56.57,57.0,55.98,56.27,83591,-0.3,1.02,-0.53,1.81,0.51,-1
2016-04-18,55.92,56.56,55.67,56.38,89232,0.46,0.89,0.82,1.58,0.45,1
2016-04-15,55.89,57.4,55.38,56.06,102314,0.17,2.02,0.3,3.59,1.01,-1
2016-04-14,56.69,56.85,55.84,56.17,137240,-0.52,1.01,-0.93,1.79,0.5,-1
2016-04-13,56.61,56.87,56.03,56.71,258790,0.1,0.84,0.18,1.48,0.42,1
2016-04-12,55.58,56.72,55.56,56.49,114351,0.91,1.16,1.61,2.06,0.58,1
2016-04-11,56.16,56.38,55.4,55.45,76109,-0.71,0.98,-1.28,1.77,0.49,-1
2016-04-08,55.83,56.1,55.39,55.87,70380,0.04,0.71,0.07,1.27,0.36,1
2016-04-07,55.48,55.85,54.86,55.39,140171,-0.09,0.99,-0.16,1.79,0.5,-1
2016-04-06,55.65,56.05,55.17,55.72,91588,0.07,0.88,0.13,1.58,0.44,-1
2016-04-05,56.68,56.71,55.76,55.86,130919,-0.82,0.95,-1.47,1.7,0.47,-1
2016-04-04,57.35,57.72,56.77,56.87,86591,-0.48,0.95,-0.84,1.67,0.47,-1
2016-04-01,57.16,57.85,57.07,57.45,87224,0.29,0.78,0.5,1.36,0.39,1
2016-03-31,57.31,57.97,57.1,57.39,92308,0.08,0.87,0.14,1.52,0.43,-1
2016-03-30,57.51,57.76,57.1,57.5,65990,-0.01,0.66,-0.02,1.16,0.33,1
2016-03-29,55.78,57.25,55.78,57.13,102787,1.35,1.47,2.36,2.57,0.73,1
2016-03-28,55.82,56.44,55.77,56.07,50612,0.25,0.67,0.45,1.19,0.33,1
2016-03-24,55.99,56.13,55.33,55.54,82490,-0.45,0.8,-0.81,1.44,0.4,-1
2016-03-23,57.09,57.52,56.36,56.37,141112,-0.72,1.16,-1.28,2.05,0.58,-1
2016-03-22,56.87,57.77,56.48,57.18,67482,0.31,1.29,0.54,2.25,0.64,1
2016-03-21,57.09,57.65,56.67,57.17,78064,0.08,0.98,0.14,1.71,0.49,1
2016-03-18,57.65,57.9,56.91,57.1,152437,-0.55,0.99,-0.96,1.73,0.5,-1
2016-03-17,56.39,57.68,56.15,57.35,75078,0.96,1.54,1.67,2.68,0.77,1
2016-03-16,55.75,56.86,55.75,56.53,131981,0.78,1.11,1.38,1.96,0.55,1
2016-03-15,56.15,56.28,55.51,56.0,73119,-0.15,0.77,-0.27,1.38,0.39,-1
2016-03-14,56.93,57.1,56.3,56.31,99112,-0.62,0.8,-1.1,1.42,0.4,-1
2016-03-11,55.41,57.19,55.07,57.06,129566,1.65,2.12,2.89,3.72,1.06,1
2016-03-10,55.58,56.11,54.55,54.97,106096,-0.61,1.56,-1.11,2.84,0.78,-1
2016-03-09,56.37,56.5,55.39,55.49,119485,-0.88,1.11,-1.59,2.0,0.55,-1
2016-03-08,56.91,57.12,54.46,56.12,111350,-0.79,2.66,-1.41,4.74,1.33,-1
2016-03-07,56.03,57.31,55.45,57.18,99894,1.15,1.86,2.01,3.25,0.93,1
2016-03-04,56.78,56.85,54.3,56.13,199484,-0.65,2.55,-1.16,4.55,1.28,-1
2016-03-03,57.31,57.9,56.51,56.72,96651,-0.59,1.39,-1.04,2.45,0.7,-1
2016-03-02,57.68,57.77,56.73,57.21,97861,-0.47,1.04,-0.82,1.82,0.52,-1
2016-03-01,56.27,58.42,56.16,57.74,163949,1.47,2.26,2.55,3.91,1.13,1
2016-02-29,56.29,56.96,53.16,55.73,149684,-0.56,3.8,-1.0,6.83,1.9,-1
2016-02-26,56.3,56.84,56.0,56.23,102603,-0.07,0.84,-0.12,1.49,0.42,-1
2016-02-25,56.28,56.73,55.98,56.3,55267,0.02,0.75,0.04,1.33,0.38,1
2016-02-24,54.99,56.48,52.98,56.2,148898,1.21,3.5,2.15,6.23,1.75,1
2016-02-23,54.9,55.76,54.71,55.26,111982,0.36,1.05,0.65,1.9,0.52,1
2016-02-22,55.16,56.19,54.96,55.1,108136,-0.06,1.22,-0.11,2.22,0.61,1
2016-02-19,54.16,55.22,54.16,54.72,97988,0.56,1.06,1.02,1.94,0.53,1
2016-02-18,53.45,55.01,53.22,54.27,79768,0.82,1.79,1.51,3.31,0.9,1
2016-02-17,53.27,54.22,52.74,53.32,124377,0.05,1.48,0.09,2.78,0.74,1
2016-02-16,53.82,53.82,52.29,52.95,182249,-0.87,1.53,-1.64,2.89,0.77,-1
2016-02-12,53.41,54.8,52.35,53.4,140081,-0.01,2.45,-0.02,4.59,1.22,1
2016-02-11,52.03,53.53,51.62,52.82,141098,0.79,1.91,1.5,3.62,0.96,1
2016-02-10,51.66,53.94,51.66,52.68,134136,1.02,2.28,1.94,4.33,1.14,1
2016-02-09,50.22,52.27,45.7,51.45,393387,1.23,6.57,2.39,12.77,3.28,-1
2016-02-08,54.21,54.82,53.72,53.8,157461,-0.41,1.11,-0.76,2.05,0.55,-1
2016-02-05,55.66,55.92,54.74,54.84,156234,-0.82,1.17,-1.5,2.14,0.59,-1
2016-02-04,56.79,59.95,55.57,55.9,91349,-0.89,4.38,-1.59,7.84,2.19,-1
2016-02-03,56.49,62.63,55.3,56.85,133795,0.36,7.33,0.63,12.88,3.66,1
2016-02-02,56.5,56.5,55.11,56.13,95127,-0.37,1.39,-0.66,2.48,0.7,-1
2016-02-01,56.67,57.11,56.14,56.86,116869,0.19,0.97,0.33,1.71,0.48,1
2016-01-29,55.63,56.83,55.63,56.83,110501,1.2,1.2,2.11,2.11,0.6,1
2016-01-28,54.82,55.79,54.43,55.5,70273,0.68,1.36,1.23,2.45,0.68,1
2016-01-27,54.67,55.51,54.34,54.41,133864,-0.26,1.17,-0.48,2.15,0.58,-1
2016-01-26,54.7,55.89,54.47,54.82,98045,0.12,1.42,0.22,2.59,0.71,1
2016-01-25,55.41,56.0,54.37,54.47,88173,-0.94,1.63,-1.73,2.99,0.82,-1
2016-01-22,56.27,56.27,55.33,55.79,83789,-0.48,0.94,-0.86,1.68,0.47,1
2016-01-21,55.33,56.5,54.8,55.73,118410,0.4,1.7,0.72,3.05,0.85,1
2016-01-20,55.04,55.87,53.85,55.32,152245,0.28,2.02,0.51,3.65,1.01,-1
2016-01-19,56.8,56.93,55.38,55.76,112883,-1.04,1.55,-1.87,2.79,0.78,-1
2016-01-15,56.02,56.96,55.54,56.13,142204,0.11,1.42,0.2,2.53,0.71,-1
2016-01-14,56.02,57.81,53.85,57.45,236707,1.43,3.96,2.49,6.89,1.98,1
2016-01-13,57.42,58.97,55.41,55.51,159374,-1.91,3.56,-3.44,6.41,1.78,-1
2016-01-12,58.1,58.64,56.7,57.2,118407,-0.9,1.94,-1.57,3.39,0.97,-1
2016-01-11,57.19,58.0,57.19,57.7,94853,0.51,0.81,0.88,1.4,0.41,1
2016-01-08,58.18,58.54,56.8,57.01,136312,-1.17,1.73,-2.05,3.04,0.87,-1
2016-01-07,58.5,59.29,57.97,58.02,96398,-0.48,1.32,-0.83,2.28,0.66,-1
2016-01-06,58.7,59.67,57.89,59.32,106702,0.62,1.78,1.05,3.0,0.89,-1
2016-01-05,58.69,59.46,58.46,59.41,91384,0.72,1.0,1.21,1.68,0.5,1
2016-01-04,58.96,59.52,58.04,58.67,142198,-0.29,1.48,-0.49,2.52,0.74,-1
2015-12-31,60.86,60.86,59.75,59.84,65291,-1.02,1.11,-1.7,1.85,0.55,-1
2015-12-30,61.58,61.58,60.73,60.91,77417,-0.67,0.85,-1.1,1.4,0.43,-1
2015-12-29,61.35,63.18,60.95,61.59,77727,0.24,2.23,0.39,3.62,1.11,1
2015-12-28,60.75,61.15,60.48,60.98,55977,0.23,0.67,0.38,1.1,0.34,1
2015-12-24,61.0,61.17,60.66,60.9,40026,-0.1,0.51,-0.16,0.84,0.26,-1
2015-12-23,60.96,61.62,60.07,60.99,126381,0.03,1.55,0.05,2.54,0.77,1
2015-12-22,59.65,61.08,59.44,60.67,90786,1.02,1.64,1.68,2.7,0.82,1
2015-12-21,59.56,60.16,59.23,59.49,195919,-0.07,0.93,-0.12,1.56,0.46,1
2015-12-18,60.39,60.39,59.0,59.2,207869,-1.19,1.39,-2.01,2.35,0.7,-1
2015-12-17,60.9,61.39,60.54,60.58,92423,-0.32,0.85,-0.53,1.4,0.43,-1
2015-12-16,61.47,61.51,59.99,60.94,104376,-0.53,1.52,-0.87,2.49,0.76,-1
2015-12-15,60.79,62.97,60.62,60.96,95679,0.17,2.34,0.28,3.85,1.17,1
2015-12-14,60.53,61.53,59.68,60.36,154113,-0.17,1.85,-0.28,3.06,0.92,-1
2015-12-11,60.23,61.08,58.56,60.61,129780,0.38,2.52,0.63,4.15,1.26,-1
2015-12-10,62.1,62.1,61.3,61.4,90911,-0.7,0.8,-1.14,1.3,0.4,-1
2015-12-09,62.89,63.24,61.62,61.65,68117,-1.24,1.62,-2.01,2.63,0.81,-1
2015-12-08,62.85,63.53,62.45,63.08,59298,0.23,1.08,0.36,1.71,0.54,-1
2015-12-07,63.93,64.46,63.14,63.45,114232,-0.48,1.32,-0.76,2.08,0.66,-1
2015-12-04,63.33,64.06,63.33,63.89,111850,0.56,0.73,0.88,1.14,0.37,1
2015-12-03,64.42,64.68,63.23,63.33,96866,-1.09,1.45,-1.72,2.29,0.73,-1
2015-12-02,64.13,64.57,63.99,64.23,83511,0.1,0.58,0.16,0.9,0.29,-1
2015-12-01,63.92,64.54,63.63,64.28,111388,0.36,0.91,0.56,1.42,0.46,1
2015-11-30,64.07,64.12,63.43,63.53,103345,-0.54,0.69,-0.85,1.09,0.35,-1
2015-11-27,64.03,64.42,63.41,63.81,46588,-0.22,1.01,-0.34,1.58,0.51,-1
2015-11-25,64.61,64.61,63.96,64.16,44835,-0.45,0.65,-0.7,1.01,0.32,-1
2015-11-24,64.8,65.13,64.12,64.63,98146,-0.17,1.01,-0.26,1.56,0.5,-1
2015-11-23,65.09,65.48,64.65,65.15,203459,0.06,0.83,0.09,1.27,0.41,1
2015-11-20,64.1,64.94,64.1,64.78,157514,0.68,0.84,1.05,1.29,0.42,1
2015-11-19,64.07,64.07,63.17,64.0,121622,-0.07,0.9,-0.11,1.41,0.45,-1
2015-11-18,62.8,64.01,62.2,64.0,151355,1.2,1.81,1.88,2.83,0.91,1
2015-11-17,62.83,63.21,62.62,62.73,113546,-0.1,0.59,-0.16,0.94,0.29,1
2015-11-16,62.32,62.71,62.0,62.68,119728,0.36,0.71,0.57,1.13,0.36,1
2015-11-13,62.0,63.04,62.0,62.46,123230,0.46,1.04,0.74,1.67,0.52,1
2015-11-12,63.07,63.56,62.21,62.36,109467,-0.71,1.35,-1.14,2.16,0.68,-1
2015-11-11,63.82,64.39,63.29,63.37,92791,-0.45,1.1,-0.71,1.74,0.55,-1
2015-11-10,63.11,63.67,63.11,63.58,85651,0.47,0.56,0.74,0.88,0.28,1
2015-11-09,63.35,63.91,59.26,63.27,118744,-0.08,4.65,-0.13,7.35,2.33,-1
2015-11-06,62.34,63.42,62.08,63.38,95543,1.04,1.34,1.64,2.12,0.67,1
2015-11-05,61.57,62.21,60.94,62.17,142540,0.6,1.27,0.97,2.04,0.64,1
2015-11-04,61.85,61.92,60.95,61.44,145854,-0.41,0.97,-0.67,1.58,0.48,-1
2015-11-03,62.46,62.56,61.65,61.81,125833,-0.65,0.91,-1.05,1.47,0.46,-1
2015-11-02,62.76,63.22,62.22,62.7,158972,-0.06,1.0,-0.1,1.59,0.5,1
2015-10-30,64.31,64.31,62.22,62.52,133390,-1.79,2.09,-2.86,3.34,1.05,-1
2015-10-29,66.05,66.05,64.16,64.38,141416,-1.67,1.89,-2.59,2.94,0.95,-1
2015-10-28,64.05,66.4,63.96,66.18,368548,2.13,2.44,3.22,3.69,1.22,1
2015-10-27,64.81,64.88,62.91,63.67,177217,-1.14,1.97,-1.79,3.09,0.98,-1
2015-10-26,64.33,65.0,64.02,64.47,284089,0.14,0.98,0.22,1.52,0.49,1
2015-10-23,63.72,64.38,63.23,64.33,148361,0.61,1.15,0.95,1.79,0.57,1
2015-10-22,63.3,63.82,62.8,63.72,213462,0.42,1.02,0.66,1.6,0.51,1
2015-10-21,63.61,63.61,62.65,62.91,177535,-0.7,0.96,-1.11,1.53,0.48,-1
2015-10-20,61.69,63.79,61.57,63.57,205530,1.88,2.22,2.96,3.49,1.11,1
2015-10-19,61.4,61.72,61.17,61.41,105888,0.01,0.55,0.02,0.9,0.27,-1
2015-10-16,61.27,61.99,60.39,61.42,216132,0.15,1.6,0.24,2.61,0.8,1
2015-10-15,59.92,60.93,59.57,60.93,108148,1.01,1.36,1.66,2.23,0.68,1
2015-10-14,60.19,60.42,59.8,59.81,91109,-0.38,0.62,-0.64,1.04,0.31,-1
2015-10-13,60.02,60.83,59.29,60.21,82859,0.19,1.54,0.32,2.56,0.77,-1
2015-10-12,59.82,60.63,59.51,60.34,90506,0.52,1.12,0.86,1.86,0.56,1
2015-10-09,60.12,60.82,59.5,60.05,83609,-0.07,1.32,-0.12,2.2,0.66,-1
2015-10-08,59.31,60.08,59.12,60.05,93682,0.74,0.95,1.23,1.59,0.48,1
2015-10-07,59.0,59.91,58.95,59.39,143537,0.39,0.96,0.66,1.62,0.48,1
2015-10-06,58.84,60.84,58.61,58.84,164629,0.0,2.23,0.0,3.79,1.12,-1
2015-10-05,58.07,59.01,58.05,58.92,118475,0.85,0.96,1.44,1.63,0.48,1
2015-10-02,56.01,57.81,55.76,57.78,125216,1.77,2.05,3.06,3.55,1.03,1
2015-10-01,56.8,57.26,55.51,56.48,129702,-0.32,1.75,-0.57,3.1,0.88,-1
2015-09-30,56.67,57.12,56.42,56.59,213008,-0.08,0.7,-0.14,1.25,0.35,1
2015-09-29,56.14,56.96,55.84,56.38,123482,0.24,1.12,0.43,1.99,0.56,1
2015-09-28,56.63,56.88,55.96,56.11,150859,-0.52,0.92,-0.93,1.64,0.46,-1
2015-09-25,57.07,57.42,56.54,56.63,148652,-0.44,0.88,-0.78,1.55,0.44,-1
2015-09-24,55.25,56.76,55.25,56.66,163922,1.41,1.51,2.49,2.67,0.75,1
2015-09-23,54.98,55.93,54.63,55.58,89933,0.6,1.3,1.08,2.34,0.65,1
2015-09-22,54.96,55.13,54.53,55.07,72959,0.11,0.6,0.2,1.09,0.3,-1
2015-09-21,55.1,55.68,54.86,55.35,65086,0.25,0.82,0.45,1.48,0.41,1
2015-09-18,54.31,55.28,54.31,55.0,226468,0.69,0.97,1.25,1.76,0.48,1
2015-09-17,54.84,55.75,54.78,54.97,114069,0.13,0.97,0.24,1.76,0.48,-1
2015-09-16,55.03,55.08,54.81,54.99,102763,-0.04,0.27,-0.07,0.49,0.13,1
2015-09-15,55.43,55.64,54.82,54.87,191982,-0.56,0.82,-1.02,1.49,0.41,-1
2015-09-14,54.92,55.55,54.78,55.27,71471,0.35,0.77,0.63,1.39,0.38,1
2015-09-11,54.65,55.01,54.11,54.96,87837,0.31,0.9,0.56,1.64,0.45,1
2015-09-10,54.44,54.86,54.13,54.65,78166,0.21,0.73,0.38,1.34,0.36,1
2015-09-09,55.29,55.29,54.46,54.46,96074,-0.83,0.83,-1.52,1.52,0.41,-1
2015-09-08,55.11,55.25,54.7,54.91,106732,-0.2,0.55,-0.36,1.0,0.27,1
2015-09-04,54.52,54.96,53.94,54.47,77635,-0.05,1.02,-0.09,1.87,0.51,-1
2015-09-03,55.59,55.64,54.98,55.06,87798,-0.53,0.66,-0.96,1.2,0.33,-1
2015-09-02,55.52,55.52,54.66,55.22,64740,-0.3,0.86,-0.54,1.56,0.43,1
2015-09-01,55.48,55.66,54.79,54.99,137668,-0.49,0.87,-0.89,1.58,0.43,-1
2015-08-31,54.8,56.03,54.6,55.98,114849,1.18,1.43,2.11,2.56,0.72,1
2015-08-28,55.0,55.1,54.42,54.77,170113,-0.23,0.68,-0.42,1.24,0.34,-1
2015-08-27,56.09,56.42,54.85,55.4,171777,-0.69,1.57,-1.25,2.83,0.79,-1
2015-08-26,55.87,56.3,54.9,55.79,202473,-0.08,1.4,-0.14,2.51,0.7,1
2015-08-25,56.72,56.72,54.76,54.84,241539,-1.88,1.96,-3.43,3.57,0.98,-1
2015-08-24,55.85,56.65,54.92,55.35,276954,-0.5,1.73,-0.9,3.13,0.86,-1
2015-08-21,57.83,58.02,57.46,57.69,214026,-0.14,0.56,-0.24,0.97,0.28,-1
2015-08-20,58.72,58.72,58.01,58.41,168688,-0.31,0.71,-0.53,1.22,0.36,-1
2015-08-19,58.36,59.41,58.2,59.18,157977,0.82,1.21,1.39,2.04,0.6,1
2015-08-18,57.9,58.7,57.52,58.66,115066,0.76,1.18,1.3,2.01,0.59,1
2015-08-17,57.56,58.15,57.06,58.15,241778,0.59,1.09,1.01,1.87,0.54,1
2015-08-14,56.95,57.94,56.69,57.86,110849,0.91,1.25,1.57,2.16,0.62,1
2015-08-13,56.61,57.36,56.19,57.09,112382,0.48,1.17,0.84,2.05,0.59,1
2015-08-12,56.94,57.17,56.26,56.74,102587,-0.2,0.91,-0.35,1.6,0.46,-1
2015-08-11,57.26,57.74,56.78,57.15,136402,-0.11,0.96,-0.19,1.68,0.48,-1
2015-08-10,57.8,58.15,57.11,57.44,165977,-0.36,1.04,-0.63,1.81,0.52,-1
2015-08-07,57.55,58.49,56.75,57.65,138303,0.1,1.74,0.17,3.02,0.87,-1
2015-08-06,56.53,57.7,56.41,57.69,161803,1.16,1.29,2.01,2.24,0.65,1
2015-08-05,56.91,57.22,56.02,56.34,135940,-0.57,1.2,-1.01,2.12,0.6,1
2015-08-04,56.53,56.74,56.01,56.16,111889,-0.37,0.73,-0.66,1.3,0.37,-1
2015-08-03,56.51,56.7,56.08,56.43,83753,-0.08,0.62,-0.14,1.1,0.31,1
2015-07-31,56.6,57.15,56.23,56.38,98991,-0.22,0.92,-0.39,1.63,0.46,1
2015-07-30,55.86,56.59,55.86,56.34,90570,0.48,0.73,0.85,1.3,0.37,1
2015-07-29,55.62,56.43,55.45,55.99,68219,0.37,0.98,0.66,1.75,0.49,1
2015-07-28,56.12,56.12,55.33,55.63,111917,-0.49,0.79,-0.88,1.42,0.39,-1
2015-07-27,55.87,56.64,55.67,55.96,107571,0.09,0.97,0.16,1.73,0.48,-1
2015-07-24,55.75,56.39,55.68,55.99,145038,0.24,0.71,0.43,1.27,0.35,1
2015-07-23,56.85,56.95,55.78,55.81,96242,-1.04,1.17,-1.86,2.1,0.59,-1
2015-07-22,56.8,57.01,56.32,56.6,75707,-0.2,0.69,-0.35,1.22,0.34,-1
2015-07-21,56.65,56.95,56.3,56.89,115416,0.24,0.65,0.42,1.14,0.33,1
2015-07-20,57.59,57.84,56.71,56.83,104164,-0.76,1.13,-1.34,2.0,0.57,-1
2015-07-17,56.91,57.21,56.63,56.93,135011,0.02,0.58,0.04,1.02,0.29,1
2015-07-16,56.96,57.4,56.62,56.71,102740,-0.25,0.78,-0.44,1.38,0.39,1
2015-07-15,56.82,56.97,56.37,56.57,101766,-0.25,0.6,-0.44,1.06,0.3,-1
2015-07-14,56.86,57.19,56.61,56.77,84156,-0.09,0.58,-0.16,1.02,0.29,-1
2015-07-13,56.95,57.47,56.67,56.98,79037,0.03,0.8,0.05,1.4,0.4,1
2015-07-10,56.53,57.01,56.23,56.78,90531,0.25,0.78,0.44,1.37,0.39,1
2015-07-09,56.79,56.99,56.0,56.04,122903,-0.75,0.99,-1.34,1.77,0.5,-1
2015-07-08,56.09,56.66,55.63,56.18,62043,0.09,1.03,0.16,1.83,0.51,-1
2015-07-07,56.83,57.89,56.42,56.54,153828,-0.29,1.47,-0.51,2.6,0.73,-1
2015-07-06,55.92,57.06,55.74,56.98,59574,1.06,1.32,1.86,2.32,0.66,1
2015-07-02,56.51,56.7,56.14,56.36,77293,-0.15,0.56,-0.27,0.99,0.28,1
2015-07-01,56.51,56.78,55.98,56.32,114498,-0.19,0.8,-0.34,1.42,0.4,1
2015-06-30,55.75,56.23,55.42,55.7,92116,-0.05,0.81,-0.09,1.45,0.4,1
2015-06-29,56.03,56.41,55.38,55.46,82446,-0.57,1.03,-1.03,1.86,0.51,-1
2015-06-26,55.94,56.45,55.49,56.22,448677,0.28,0.96,0.5,1.71,0.48,1
2015-06-25,56.44,56.44,55.5,55.67,81633,-0.77,0.94,-1.38,1.69,0.47,-1
2015-06-24,56.46,56.56,55.95,56.07,147004,-0.39,0.61,-0.7,1.09,0.3,-1
2015-06-23,56.02,56.48,55.59,56.4,83239,0.38,0.89,0.67,1.58,0.44,1
2015-06-22,55.61,55.99,55.43,55.88,79404,0.27,0.56,0.48,1.0,0.28,1
2015-06-19,55.54,56.01,55.11,55.37,228774,-0.17,0.9,-0.31,1.63,0.45,-1
2015-06-18,54.74,56.11,54.6,55.37,169366,0.63,1.51,1.14,2.73,0.75,1
2015-06-17,54.75,54.99,54.42,54.68,100068,-0.07,0.57,-0.13,1.04,0.28,1
2015-06-16,53.99,54.56,53.83,54.5,116938,0.51,0.73,0.94,1.34,0.37,1
2015-06-15,54.12,54.33,53.29,53.99,97936,-0.13,1.04,-0.24,1.93,0.52,-1
2015-06-12,53.25,54.76,53.13,54.53,123171,1.28,1.63,2.35,2.99,0.81,-1
2015-06-11,54.32,54.66,54.06,54.58,63335,0.26,0.6,0.48,1.1,0.3,1
2015-06-10,53.05,54.45,52.84,54.27,169011,1.22,1.61,2.25,2.96,0.8,1
2015-06-09,52.53,53.07,52.21,52.68,91181,0.15,0.86,0.28,1.63,0.43,1
2015-06-08,53.05,53.33,52.4,52.66,80950,-0.39,0.93,-0.74,1.77,0.46,-1
2015-06-05,53.04,53.27,52.55,53.12,79838,0.08,0.72,0.15,1.36,0.36,1
2015-06-04,53.29,53.5,52.64,52.95,76700,-0.34,0.87,-0.64,1.63,0.43,-1
2015-06-03,53.04,53.85,52.86,53.64,139795,0.6,0.99,1.12,1.85,0.5,1
2015-06-02,52.46,53.06,52.07,52.84,132198,0.38,0.99,0.72,1.88,0.5,1
2015-06-01,53.0,53.32,52.41,52.74,188677,-0.26,0.91,-0.49,1.73,0.46,1
2015-05-29,53.03,53.96,52.49,52.65,84211,-0.38,1.47,-0.72,2.79,0.73,-1
2015-05-28,52.93,53.25,52.69,53.22,106925,0.29,0.56,0.54,1.05,0.28,1
2015-05-27,52.81,53.34,52.42,53.19,87939,0.38,0.92,0.71,1.73,0.46,1
2015-05-26,52.91,52.93,52.41,52.82,85917,-0.09,0.52,-0.17,0.98,0.26,-1
2015-05-22,53.81,54.0,53.15,53.28,75185,-0.53,0.84,-0.99,1.59,0.42,-1
2015-05-21,54.05,54.44,53.72,53.82,146899,-0.23,0.72,-0.43,1.34,0.36,-1
2015-05-20,54.03,54.14,53.67,53.93,84649,-0.1,0.47,-0.19,0.87,0.23,1
2015-05-19,53.92,54.44,53.66,53.83,182517,-0.09,0.78,-0.17,1.45,0.39,-1
2015-05-18,53.28,53.99,53.18,53.85,110150,0.57,0.81,1.06,1.51,0.41,1
2015-05-15,54.25,54.25,53.12,53.53,98743,-0.72,1.13,-1.35,2.11,0.57,-1
2015-05-14,53.76,54.22,52.05,54.19,89646,0.43,2.17,0.79,4.0,1.09,1
2015-05-13,54.01,54.7,53.16,53.71,252366,-0.3,1.54,-0.56,2.87,0.77,1
2015-05-12,52.22,53.12,51.58,53.03,313617,0.81,1.54,1.53,2.9,0.77,1
2015-05-11,50.98,51.47,50.87,51.3,127283,0.32,0.6,0.62,1.17,0.3,1
2015-05-08,50.9,51.46,50.46,50.9,205795,0.0,1.0,0.0,1.96,0.5,1
2015-05-07,50.03,50.59,49.85,50.41,77351,0.38,0.74,0.75,1.47,0.37,1
2015-05-06,50.25,50.5,49.82,50.22,102867,-0.03,0.68,-0.06,1.35,0.34,1
2015-05-05,50.11,50.85,49.37,50.05,138291,-0.06,1.48,-0.12,2.96,0.74,1
2015-05-04,49.39,49.56,49.11,49.36,101677,-0.03,0.45,-0.06,0.91,0.23,1
2015-05-01,48.93,49.43,48.73,49.28,128742,0.35,0.7,0.71,1.42,0.35,1
2015-04-30,49.39,49.71,48.77,48.99,155688,-0.4,0.94,-0.82,1.92,0.47,-1
2015-04-29,49.92,50.66,49.67,49.79,69157,-0.13,0.99,-0.26,2.0,0.5,-1
2015-04-28,50.34,50.76,49.88,50.22,102975,-0.12,0.88,-0.24,1.74,0.44,1
2015-04-27,50.5,51.18,49.92,50.2,98799,-0.3,1.26,-0.6,2.5,0.63,-1
2015-04-24,50.41,51.02,50.25,50.44,74551,0.03,0.77,0.06,1.53,0.39,-1
2015-04-23,50.48,50.96,50.34,50.49,62367,0.01,0.62,0.02,1.24,0.31,1
2015-04-22,50.47,51.01,50.0,50.45,71962,-0.02,1.01,-0.04,2.0,0.5,1
2015-04-21,50.68,51.38,50.22,50.44,80630,-0.24,1.16,-0.48,2.3,0.58,-1
2015-04-20,50.44,51.25,50.12,50.6,84955,0.16,1.13,0.32,2.24,0.57,1
2015-04-17,51.06,51.47,50.2,50.36,169529,-0.7,1.27,-1.39,2.52,0.63,-1
2015-04-16,51.45,51.87,51.34,51.46,121029,0.01,0.53,0.02,1.03,0.26,-1
2015-04-15,50.7,51.73,50.51,51.62,112305,0.92,1.22,1.78,2.36,0.61,1
2015-04-14,50.05,50.91,49.95,50.77,75455,0.72,0.96,1.42,1.89,0.48,1
2015-04-13,50.04,50.58,50.01,50.24,52749,0.2,0.57,0.4,1.13,0.29,1
2015-04-10,50.87,51.14,50.08,50.23,41345,-0.64,1.06,-1.27,2.11,0.53,-1
2015-04-09,50.81,51.06,50.11,50.57,218044,-0.24,0.95,-0.47,1.88,0.48,-1
2015-04-08,50.35,51.12,50.28,50.81,110750,0.46,0.84,0.91,1.65,0.42,1
2015-04-07,50.88,51.46,50.32,50.43,70751,-0.45,1.14,-0.89,2.26,0.57,-1
2015-04-06,50.42,51.3,50.42,50.84,81506,0.42,0.88,0.83,1.73,0.44,1
2015-04-02,50.72,51.15,50.42,50.74,83497,0.02,0.73,0.04,1.44,0.36,-1
2015-04-01,49.96,50.81,49.96,50.8,95426,0.84,0.85,1.65,1.67,0.43,1
2015-03-31,49.5,50.26,49.3,50.15,144716,0.65,0.96,1.3,1.91,0.48,1
2015-03-30,49.2,50.01,49.11,49.59,90595,0.39,0.9,0.79,1.81,0.45,1
2015-03-27,49.24,49.46,48.96,49.18,131787,-0.06,0.5,-0.12,1.02,0.25,-1
2015-03-26,49.55,49.71,49.05,49.29,141083,-0.26,0.66,-0.53,1.34,0.33,-1
2015-03-25,50.26,50.32,49.53,49.53,108397,-0.73,0.79,-1.47,1.59,0.39,-1
2015-03-24,50.07,50.48,50.07,50.36,80100,0.29,0.41,0.58,0.81,0.2,1
2015-03-23,50.8,50.8,50.22,50.24,133191,-0.56,0.58,-1.11,1.15,0.29,-1
2015-03-20,50.55,50.96,50.29,50.56,138395,0.01,0.67,0.02,1.33,0.34,-1
2015-03-19,50.69,50.89,50.0,50.59,72065,-0.1,0.89,-0.2,1.76,0.45,-1
2015-03-18,50.3,51.0,50.0,50.71,101541,0.41,0.99,0.81,1.96,0.5,1
2015-03-17,50.87,50.99,50.33,50.51,130129,-0.36,0.66,-0.71,1.31,0.33,-1
2015-03-16,50.07,51.16,49.91,51.02,87285,0.95,1.25,1.86,2.45,0.62,1
2015-03-13,49.91,50.08,49.26,49.85,83824,-0.06,0.82,-0.12,1.64,0.41,-1
2015-03-12,49.47,50.17,49.04,50.05,78075,0.58,1.13,1.16,2.26,0.56,1
2015-03-11,48.71,49.65,48.49,49.08,119467,0.37,1.16,0.75,2.36,0.58,1
2015-03-10,48.61,48.98,48.35,48.86,89313,0.25,0.63,0.51,1.29,0.31,-1
2015-03-09,49.05,49.41,48.94,49.13,94862,0.08,0.47,0.16,0.96,0.23,1
2015-03-06,48.58,49.65,48.58,48.81,131703,0.23,1.07,0.47,2.19,0.54,-1
2015-03-05,48.66,49.21,48.52,48.91,81463,0.25,0.69,0.51,1.41,0.34,1
2015-03-04,48.2,48.99,48.06,48.7,125249,0.5,0.93,1.03,1.91,0.46,1
2015-03-03,48.35,48.84,48.16,48.49,91916,0.14,0.68,0.29,1.4,0.34,-1
2015-03-02,47.92,48.95,47.92,48.6,111817,0.68,1.03,1.4,2.12,0.52,1
2015-02-27,47.98,48.2,47.82,47.91,72931,-0.07,0.38,-0.15,0.78,0.19,-1
2015-02-26,47.86,48.09,47.15,47.98,60539,0.12,0.94,0.25,1.96,0.47,-1
2015-02-25,52.69,53.21,52.34,52.67,75231,-0.02,0.87,-0.04,1.65,0.43,-1
2015-02-24,52.62,52.98,52.3,52.72,90486,0.1,0.68,0.19,1.29,0.34,1
2015-02-23,52.25,52.52,51.51,52.47,123346,0.22,1.01,0.42,1.92,0.51,1
2015-02-20,52.79,52.79,51.74,52.39,174394,-0.4,1.05,-0.76,2.0,0.52,-1
2015-02-19,52.8,53.38,52.51,52.67,49746,-0.13,0.87,-0.25,1.65,0.44,-1
2015-02-18,52.97,53.25,52.64,53.01,95732,0.04,0.61,0.08,1.15,0.3,1
2015-02-17,53.27,53.56,52.58,52.89,138306,-0.38,0.98,-0.72,1.85,0.49,-1
2015-02-13,53.37,53.9,53.03,53.38,232763,0.01,0.87,0.02,1.63,0.43,-1
2015-02-12,53.26,53.91,53.03,53.4,151965,0.14,0.88,0.26,1.65,0.44,1
2015-02-11,54.12,54.34,52.8,53.11,132532,-1.01,1.54,-1.9,2.9,0.77,-1
2015-02-10,54.71,55.43,53.87,54.24,138130,-0.47,1.56,-0.87,2.88,0.78,-1
2015-02-09,55.57,55.81,54.65,54.71,98641,-0.86,1.16,-1.57,2.12,0.58,-1
2015-02-06,56.16,56.5,55.45,55.72,70771,-0.44,1.05,-0.79,1.88,0.52,-1
2015-02-05,55.9,56.5,55.64,55.93,59291,0.03,0.86,0.05,1.54,0.43,1
2015-02-04,55.54,56.38,55.54,55.87,85555,0.33,0.84,0.59,1.5,0.42,1
2015-02-03,54.62,55.87,54.2,55.62,91714,1.0,1.67,1.8,3.0,0.83,1
2015-02-02,53.74,54.45,53.06,54.29,68477,0.55,1.39,1.01,2.56,0.7,1
2015-01-30,54.19,54.71,53.45,53.49,105072,-0.7,1.26,-1.31,2.36,0.63,-1
2015-01-29,54.17,54.91,53.87,54.73,94974,0.56,1.04,1.02,1.9,0.52,1
2015-01-28,54.48,54.55,53.65,54.19,103960,-0.29,0.9,-0.54,1.66,0.45,1
2015-01-27,53.52,54.67,53.51,54.1,54127,0.58,1.16,1.07,2.14,0.58,-1
2015-01-26,54.4,54.56,53.53,54.18,70775,-0.22,1.03,-0.41,1.9,0.52,-1
2015-01-23,54.0,54.64,53.63,54.47,85577,0.47,1.01,0.86,1.85,0.5,1
2015-01-22,53.31,54.06,52.58,54.0,146212,0.69,1.48,1.28,2.74,0.74,1
2015-01-21,53.12,53.4,52.5,52.86,99196,-0.26,0.9,-0.49,1.69,0.45,-1
2015-01-20,53.84,54.29,52.67,53.14,109499,-0.7,1.62,-1.32,3.05,0.81,-1
2015-01-16,52.01,53.88,52.01,53.68,100619,1.67,1.88,3.11,3.49,0.94,1
2015-01-15,52.67,52.82,51.83,52.2,97205,-0.47,0.99,-0.9,1.9,0.5,-1
2015-01-14,52.81,53.81,51.91,52.61,131355,-0.2,1.9,-0.38,3.61,0.95,-1
2015-01-13,53.73,54.94,53.3,53.89,126925,0.16,1.64,0.3,3.04,0.82,1
2015-01-12,54.1,54.35,53.02,53.25,106332,-0.85,1.33,-1.6,2.5,0.66,-1
2015-01-09,54.63,55.26,53.69,54.25,118809,-0.38,1.57,-0.7,2.89,0.79,-1
2015-01-08,54.35,55.04,53.7,54.68,70506,0.33,1.34,0.6,2.45,0.67,1
2015-01-07,54.0,54.0,52.86,53.9,101460,-0.1,1.14,-0.19,2.12,0.57,1
2015-01-06,53.38,53.99,52.55,53.37,85902,-0.01,1.44,-0.02,2.7,0.72,-1
2015-01-05,53.98,54.44,53.5,53.9,85339,-0.08,0.94,-0.15,1.74,0.47,-1
2015-01-02,55.87,56.13,53.94,54.33,64449,-1.54,2.19,-2.83,4.03,1.1,-1
2014-12-31,56.87,57.18,55.44,55.47,74754,-1.4,1.75,-2.52,3.15,0.87,-1
2014-12-30,56.21,56.95,56.21,56.78,81269,0.57,0.74,1.0,1.3,0.37,1
2014-12-29,55.82,56.41,55.73,56.35,81348,0.53,0.68,0.94,1.2,0.34,1
2014-12-26,55.41,55.91,55.13,55.69,75311,0.28,0.78,0.5,1.4,0.39,1
2014-12-24,54.69,55.32,54.26,55.18,30003,0.49,1.06,0.89,1.92,0.53,1
2014-12-23,53.81,54.87,53.2,54.63,63361,0.82,1.67,1.5,3.06,0.83,1
2014-12-22,52.38,53.65,52.38,53.6,157741,1.22,1.27,2.28,2.37,0.63,1
2014-12-19,53.75,53.78,52.05,52.44,602984,-1.31,1.73,-2.5,3.3,0.87,-1
2014-12-18,54.38,54.38,53.73,53.85,137612,-0.53,0.65,-0.98,1.21,0.33,1
2014-12-17,53.19,54.06,52.92,53.8,186704,0.61,1.14,1.13,2.12,0.57,1
2014-12-16,53.61,54.14,53.03,53.19,131283,-0.42,1.11,-0.79,2.09,0.55,-1
2014-12-15,54.53,54.71,53.07,53.74,202298,-0.79,1.64,-1.47,3.05,0.82,-1
2014-12-12,55.61,56.27,54.79,54.97,99744,-0.64,1.48,-1.16,2.69,0.74,-1
2014-12-11,56.34,56.85,55.94,56.23,81129,-0.11,0.91,-0.2,1.62,0.46,1
2014-12-10,56.98,57.11,56.02,56.06,59430,-0.92,1.09,-1.64,1.94,0.54,-1
2014-12-09,56.9,57.12,56.11,57.03,104294,0.13,1.01,0.23,1.77,0.5,1
2014-12-08,57.19,58.28,56.85,56.99,80503,-0.2,1.43,-0.35,2.51,0.71,-1
2014-12-05,57.08,57.75,56.8,57.18,69730,0.1,0.95,0.17,1.66,0.48,1
2014-12-04,57.2,57.9,57.02,57.15,57876,-0.05,0.88,-0.09,1.54,0.44,-1
2014-12-03,57.34,57.83,57.01,57.47,75530,0.13,0.82,0.23,1.42,0.41,-1
2014-12-02,56.27,57.58,56.27,57.49,74353,1.22,1.31,2.12,2.29,0.66,1
2014-12-01,56.54,57.71,56.16,56.29,63994,-0.25,1.55,-0.44,2.74,0.77,-1
2014-11-28,57.25,57.57,56.37,56.44,46267,-0.81,1.2,-1.44,2.13,0.6,-1
2014-11-26,56.49,57.53,56.14,57.35,58174,0.86,1.39,1.5,2.43,0.7,1
2014-11-25,56.24,56.8,55.68,56.53,66425,0.29,1.12,0.51,1.99,0.56,1
2014-11-24,55.47,56.35,54.94,56.26,85758,0.79,1.41,1.4,2.51,0.71,1
2014-11-21,56.64,56.89,55.02,55.06,79442,-1.58,1.87,-2.87,3.4,0.93,-1
2014-11-20,54.62,55.97,54.58,55.91,97468,1.29,1.39,2.31,2.49,0.7,1
2014-11-19,54.47,54.51,53.35,54.15,43881,-0.32,1.16,-0.59,2.14,0.58,-1
2014-11-18,54.51,55.28,54.38,54.46,52394,-0.05,0.9,-0.09,1.65,0.45,1
2014-11-17,54.26,54.56,53.92,54.34,70173,0.08,0.64,0.15,1.18,0.32,-1
2014-11-14,55.03,55.19,53.88,54.48,85505,-0.55,1.31,-1.01,2.41,0.66,-1
2014-11-13,55.37,55.66,54.77,54.98,30160,-0.39,0.89,-0.71,1.62,0.44,-1
2014-11-12,55.41,55.41,54.78,55.26,73116,-0.15,0.63,-0.27,1.14,0.31,-1
2014-11-11,55.59,55.59,55.11,55.57,40302,-0.02,0.48,-0.04,0.86,0.24,-1
2014-11-10,55.56,55.66,54.85,55.64,42798,0.08,0.81,0.14,1.46,0.4,1
2014-11-07,55.59,55.65,54.91,55.39,53307,-0.2,0.74,-0.36,1.34,0.37,-1
2014-11-06,55.16,55.71,54.84,55.6,58720,0.44,0.87,0.79,1.56,0.43,1
2014-11-05,55.59,56.01,54.98,55.29,53409,-0.3,1.03,-0.54,1.87,0.52,-1
2014-11-04,54.96,55.87,54.64,55.32,64007,0.36,1.23,0.65,2.22,0.61,1
2014-11-03,56.13,56.42,54.73,55.14,86806,-0.99,1.69,-1.8,3.06,0.85,-1
2014-10-31,60.58,60.58,54.63,55.8,125598,-4.78,5.95,-8.57,10.66,2.97,1
2014-10-30,54.11,55.15,54.11,54.58,91579,0.47,1.04,0.86,1.91,0.52,1
2014-10-29,54.55,54.95,54.12,54.42,71554,-0.13,0.83,-0.24,1.52,0.41,1
2014-10-28,53.35,54.58,53.09,54.33,115198,0.98,1.49,1.8,2.74,0.74,1
2014-10-27,53.17,53.5,53.12,53.14,73506,-0.03,0.38,-0.06,0.72,0.19,-1
2014-10-24,53.01,53.43,52.91,53.27,35933,0.26,0.52,0.49,0.98,0.26,1
2014-10-23,53.13,53.31,52.69,52.85,56014,-0.28,0.62,-0.53,1.17,0.31,1
2014-10-22,53.12,53.48,52.65,52.66,46718,-0.46,0.83,-0.87,1.58,0.41,-1
2014-10-21,52.17,53.08,51.86,52.93,73198,0.76,1.22,1.44,2.3,0.61,1
2014-10-20,51.3,52.0,50.98,52.0,101641,0.7,1.02,1.35,1.96,0.51,1
2014-10-17,52.27,52.27,51.52,51.55,75241,-0.72,0.75,-1.4,1.45,0.38,-1
2014-10-16,50.88,51.8,50.78,51.58,84540,0.7,1.02,1.36,1.98,0.51,1
2014-10-15,51.34,51.72,50.48,51.37,124183,0.03,1.24,0.06,2.41,0.62,-1
2014-10-14,52.39,53.23,51.98,52.09,145110,-0.3,1.25,-0.58,2.4,0.62,1
2014-10-13,51.27,52.43,50.91,51.94,95601,0.67,1.52,1.29,2.93,0.76,1
2014-10-10,50.55,51.71,50.55,51.16,83122,0.61,1.16,1.19,2.27,0.58,1
2014-10-09,51.8,52.08,50.68,50.84,86002,-0.96,1.4,-1.89,2.75,0.7,-1
2014-10-08,50.54,51.76,50.31,51.67,122103,1.13,1.45,2.19,2.8,0.72,1
2014-10-07,50.64,51.32,50.38,50.59,86119,-0.05,0.94,-0.1,1.86,0.47,-1
2014-10-06,51.85,51.95,50.97,50.99,81939,-0.86,0.98,-1.69,1.92,0.49,-1
2014-10-03,51.31,51.81,50.96,51.69,78153,0.38,0.85,0.74,1.64,0.43,1
2014-10-02,49.83,51.04,49.7,50.78,80990,0.95,1.34,1.87,2.65,0.67,1
2014-10-01,50.24,50.33,49.37,49.87,125746,-0.37,0.96,-0.74,1.93,0.48,-1
2014-09-30,50.88,51.56,50.31,50.31,156717,-0.57,1.24,-1.13,2.47,0.62,-1
2014-09-29,51.39,51.44,50.53,50.94,111113,-0.45,0.91,-0.88,1.79,0.45,-1
2014-09-26,51.49,52.09,51.1,51.7,120126,0.21,0.99,0.41,1.91,0.5,1
2014-09-25,51.76,51.91,51.09,51.5,95766,-0.26,0.82,-0.5,1.59,0.41,-1
2014-09-24,51.49,51.78,51.0,51.76,57591,0.27,0.78,0.52,1.51,0.39,1
2014-09-23,52.77,53.0,51.19,51.25,118388,-1.52,1.81,-2.97,3.53,0.91,-1
2014-09-22,52.46,52.98,52.04,52.79,103671,0.33,0.94,0.63,1.78,0.47,1
2014-09-19,53.11,53.35,52.44,52.65,278393,-0.46,0.91,-0.87,1.73,0.46,-1
2014-09-18,53.4,53.44,52.92,53.18,136713,-0.22,0.52,-0.41,0.98,0.26,1
2014-09-17,53.16,53.56,52.87,53.07,94198,-0.09,0.69,-0.17,1.3,0.35,1
2014-09-16,53.01,53.21,52.29,53.01,103003,0.0,0.92,0.0,1.74,0.46,1
2014-09-15,52.45,52.96,52.37,52.8,56541,0.35,0.59,0.66,1.12,0.3,1
2014-09-12,53.16,53.16,52.36,52.52,64274,-0.64,0.8,-1.22,1.52,0.4,-1
2014-09-11,52.31,53.13,52.31,53.0,80919,0.69,0.82,1.3,1.55,0.41,1
2014-09-10,52.05,52.67,52.0,52.53,57571,0.48,0.67,0.91,1.28,0.34,1
2014-09-09,52.69,52.69,51.87,52.16,84718,-0.53,0.82,-1.02,1.57,0.41,-1
2014-09-08,52.67,52.82,52.09,52.69,40190,0.02,0.73,0.04,1.39,0.36,1
2014-09-05,52.62,52.9,52.4,52.57,26144,-0.05,0.5,-0.1,0.95,0.25,-1
2014-09-04,53.03,53.15,52.58,52.84,62861,-0.19,0.57,-0.36,1.08,0.29,1
2014-09-03,53.25,53.25,52.7,52.83,72716,-0.42,0.55,-0.8,1.04,0.27,-1
2014-09-02,52.88,53.23,52.07,52.98,77364,0.1,1.16,0.19,2.19,0.58,1
2014-08-29,52.42,52.7,52.31,52.64,48177,0.22,0.39,0.42,0.74,0.2,1
2014-08-28,53.12,53.12,52.34,52.43,54338,-0.69,0.78,-1.32,1.49,0.39,-1
2014-08-27,52.88,53.41,52.66,53.18,67976,0.3,0.75,0.56,1.41,0.37,1
2014-08-26,52.53,53.11,52.23,52.83,99216,0.3,0.88,0.57,1.67,0.44,1
2014-08-25,53.77,53.77,52.53,52.6,83070,-1.17,1.24,-2.22,2.35,0.62,-1
2014-08-22,53.48,54.0,52.95,53.38,51647,-0.1,1.05,-0.19,1.97,0.52,1
2014-08-21,52.14,53.57,51.9,53.37,73792,1.23,1.67,2.3,3.13,0.84,1
2014-08-20,52.43,52.43,52.0,52.11,57362,-0.32,0.43,-0.61,0.83,0.21,-1
2014-08-19,52.74,53.19,52.42,52.68,43561,-0.06,0.77,-0.11,1.46,0.38,-1
2014-08-18,53.23,53.25,52.55,52.83,96895,-0.4,0.7,-0.76,1.33,0.35,1
2014-08-15,52.92,53.01,52.17,52.76,93738,-0.16,0.84,-0.3,1.59,0.42,1
2014-08-14,51.53,52.47,51.53,52.41,74990,0.88,0.94,1.68,1.79,0.47,1
2014-08-13,51.0,51.8,50.89,51.38,132010,0.38,0.91,0.74,1.77,0.45,1
2014-08-12,50.92,51.48,50.71,50.99,46749,0.07,0.77,0.14,1.51,0.38,-1
2014-08-11,51.03,51.66,50.93,51.31,72167,0.28,0.73,0.55,1.42,0.36,1
2014-08-08,50.5,51.2,50.44,50.81,118845,0.31,0.76,0.61,1.5,0.38,1
2014-08-07,51.51,51.51,50.56,50.61,98066,-0.9,0.95,-1.78,1.88,0.47,-1
2014-08-06,51.22,51.79,51.02,51.37,114902,0.15,0.77,0.29,1.49,0.38,-1
2014-08-05,50.7,51.67,49.69,51.55,127489,0.85,1.98,1.65,3.84,0.99,1
2014-08-04,50.41,53.13,49.78,50.19,97160,-0.22,3.35,-0.44,6.67,1.68,1
2014-08-01,50.01,50.38,49.33,50.06,96393,0.05,1.04,0.1,2.09,0.52,1
2014-07-31,49.88,50.3,49.76,49.81,118423,-0.07,0.54,-0.14,1.08,0.27,-1
2014-07-30,51.25,51.25,50.06,50.17,144753,-1.08,1.19,-2.15,2.37,0.59,-1
2014-07-29,52.08,52.27,50.8,50.86,154163,-1.22,1.47,-2.4,2.89,0.74,-1
2014-07-28,51.48,52.01,50.75,51.91,77398,0.43,1.26,0.83,2.43,0.63,1
2014-07-25,51.75,52.05,50.96,51.36,83861,-0.39,1.09,-0.76,2.13,0.55,-1
2014-07-24,53.07,53.21,52.08,52.15,148242,-0.92,1.13,-1.76,2.17,0.57,-1
2014-07-23,52.2,53.05,51.92,52.99,124453,0.79,1.13,1.49,2.13,0.56,1
2014-07-22,52.05,52.4,51.95,52.08,101605,0.03,0.45,0.06,0.86,0.22,1
2014-07-21,51.62,52.25,51.62,52.05,102816,0.43,0.63,0.83,1.21,0.32,1
2014-07-18,50.77,52.07,50.77,51.92,127715,1.15,1.3,2.21,2.5,0.65,1
2014-07-17,51.44,51.56,50.84,50.96,85610,-0.48,0.72,-0.94,1.41,0.36,-1
2014-07-16,52.5,52.67,51.19,51.6,101609,-0.9,1.48,-1.74,2.87,0.74,-1
2014-07-15,52.61,52.96,52.02,52.38,227564,-0.23,0.94,-0.44,1.79,0.47,-1
2014-07-14,53.47,53.47,52.85,53.04,150989,-0.43,0.62,-0.81,1.17,0.31,1
2014-07-11,51.28,52.98,51.28,52.81,172011,1.53,1.7,2.9,3.22,0.85,1
2014-07-10,50.72,52.27,49.88,51.51,218982,0.79,2.39,1.53,4.64,1.2,-1
2014-07-09,52.0,52.42,51.36,51.55,163688,-0.45,1.06,-0.87,2.06,0.53,-1
2014-07-08,50.99,52.26,50.83,51.76,240004,0.77,1.43,1.49,2.76,0.71,1
2014-07-07,51.18,51.45,50.64,51.05,76686,-0.13,0.81,-0.25,1.59,0.41,-1
2014-07-03,51.49,51.75,50.94,51.31,52864,-0.18,0.81,-0.35,1.57,0.4,1
2014-07-02,51.55,51.95,51.09,51.21,76928,-0.34,0.86,-0.66,1.68,0.43,-1
2014-07-01,51.33,52.38,51.33,51.56,140991,0.23,1.05,0.45,2.04,0.53,1
2014-06-30,50.76,51.45,50.58,51.11,143706,0.35,0.87,0.68,1.7,0.44,1
2014-06-27,49.97,51.02,49.97,50.94,582883,0.97,1.05,1.9,2.06,0.53,1
2014-06-26,50.28,50.34,49.53,50.27,119998,-0.01,0.81,-0.02,1.61,0.41,1
2014-06-25,49.63,50.26,49.63,50.18,87154,0.55,0.63,1.1,1.26,0.31,1
2014-06-24,49.9,50.2,49.53,49.71,100599,-0.19,0.67,-0.38,1.35,0.34,-1
2014-06-23,50.34,50.45,49.55,49.78,155462,-0.56,0.9,-1.12,1.82,0.45,-1
2014-06-20,51.05,51.05,50.25,50.52,240634,-0.53,0.8,-1.05,1.58,0.4,-1
2014-06-19,50.92,51.15,50.25,51.06,114789,0.14,0.9,0.27,1.76,0.45,1
2014-06-18,50.81,50.94,50.0,50.67,240897,-0.14,0.94,-0.28,1.86,0.47,-1
2014-06-17,50.1,51.0,49.59,50.89,138801,0.79,1.41,1.55,2.77,0.7,1
2014-06-16,49.82,49.92,49.26,49.85,156839,0.03,0.66,0.06,1.33,0.33,-1
2014-06-13,49.47,50.12,49.11,49.92,119017,0.45,1.01,0.9,2.02,0.5,1
2014-06-12,48.8,49.33,48.65,49.17,176071,0.37,0.68,0.75,1.38,0.34,1
2014-06-11,49.12,49.87,49.09,49.1,139265,-0.02,0.78,-0.04,1.59,0.39,-1
2014-06-10,49.7,49.92,49.0,49.33,103173,-0.37,0.91,-0.75,1.85,0.46,-1
2014-06-09,49.48,50.26,49.21,50.0,120345,0.52,1.05,1.04,2.1,0.52,1
2014-06-06,49.89,50.31,49.41,49.63,149750,-0.26,0.9,-0.52,1.81,0.45,1
2014-06-05,48.02,49.57,47.62,49.57,186713,1.55,1.95,3.13,3.92,0.97,1
2014-06-04,46.61,47.94,46.61,47.87,136975,1.26,1.33,2.63,2.78,0.66,1
2014-06-03,47.39,47.72,46.68,46.75,222007,-0.64,1.04,-1.37,2.22,0.52,-1
2014-06-02,48.49,48.64,47.43,47.71,86218,-0.78,1.21,-1.63,2.54,0.61,-1
2014-05-30,48.53,48.69,48.32,48.45,132003,-0.08,0.37,-0.17,0.76,0.18,1
2014-05-29,47.84,48.64,47.48,48.42,124201,0.58,1.16,1.2,2.4,0.58,1
2014-05-28,48.1,48.39,47.77,48.12,127892,0.02,0.62,0.04,1.29,0.31,1
2014-05-27,47.46,48.19,47.08,48.09,150415,0.63,1.11,1.31,2.31,0.55,1
2014-05-23,46.83,47.17,46.53,47.02,213717,0.19,0.64,0.4,1.36,0.32,1
2014-05-22,46.38,46.94,45.98,46.7,128872,0.32,0.96,0.69,2.06,0.48,1
2014-05-21,46.07,46.4,45.32,46.13,82210,0.06,1.08,0.13,2.34,0.54,1
2014-05-20,46.07,46.29,45.27,45.77,117264,-0.3,1.02,-0.66,2.23,0.51,-1
2014-05-19,46.01,46.76,46.01,46.32,95514,0.31,0.75,0.67,1.62,0.38,1
2014-05-16,45.75,46.41,45.55,46.25,94331,0.5,0.86,1.08,1.86,0.43,1
2014-05-15,46.04,46.37,45.4,45.85,95325,-0.19,0.97,-0.41,2.12,0.48,-1
2014-05-14,47.1,47.59,46.11,46.12,114957,-0.98,1.48,-2.12,3.21,0.74,-1
2014-05-13,47.29,47.59,47.02,47.25,161024,-0.04,0.57,-0.08,1.21,0.29,-1
2014-05-12,46.2,47.56,46.2,47.29,138283,1.09,1.36,2.3,2.87,0.68,1
2014-05-09,45.09,46.51,45.09,46.45,147260,1.36,1.42,2.93,3.06,0.71,1
2014-05-08,45.94,46.76,45.31,45.43,131838,-0.51,1.45,-1.12,3.19,0.72,-1
2014-05-07,45.14,46.01,45.11,45.82,206954,0.68,0.9,1.48,1.96,0.45,1
2014-05-06,45.6,47.15,44.91,44.91,194350,-0.69,2.24,-1.54,4.99,1.12,-1
2014-05-05,44.77,45.47,44.61,45.21,130192,0.44,0.86,0.97,1.9,0.43,1
2014-05-02,45.23,45.5,45.12,45.17,99576,-0.06,0.39,-0.13,0.85,0.19,1
2014-05-01,44.22,45.23,43.73,45.02,111568,0.8,1.5,1.78,3.33,0.75,1
2014-04-30,44.95,45.0,44.17,44.42,187172,-0.53,0.83,-1.19,1.87,0.41,-1
2014-04-29,45.7,45.9,44.88,44.99,85996,-0.71,1.02,-1.58,2.27,0.51,-1
2014-04-28,46.15,46.48,45.2,45.42,79659,-0.73,1.28,-1.61,2.82,0.64,-1
2014-04-25,46.08,46.53,45.84,45.9,148016,-0.18,0.69,-0.39,1.5,0.34,-1
2014-04-24,46.69,46.69,46.15,46.33,80646,-0.36,0.54,-0.78,1.17,0.27,-1
2014-04-23,46.36,46.75,46.25,46.38,76508,0.02,0.5,0.04,1.08,0.25,1
2014-04-22,46.09,46.65,46.04,46.35,91526,0.26,0.61,0.56,1.32,0.3,1
2014-04-21,46.43,46.5,46.0,46.16,101052,-0.27,0.5,-0.58,1.08,0.25,-1
2014-04-17,45.91,46.5,45.91,46.25,91757,0.34,0.59,0.74,1.28,0.3,1
2014-04-16,46.34,46.35,45.75,45.92,104868,-0.42,0.6,-0.91,1.31,0.3,-1
2014-04-15,46.02,46.15,45.43,45.96,181828,-0.06,0.72,-0.13,1.57,0.36,1
2014-04-14,46.02,46.61,45.81,45.86,229780,-0.16,0.8,-0.35,1.74,0.4,1
2014-04-11,45.25,46.08,45.25,45.72,147551,0.47,0.83,1.03,1.8,0.41,-1
2014-04-10,46.47,46.81,45.65,45.74,117461,-0.73,1.16,-1.6,2.54,0.58,-1
2014-04-09,46.52,46.55,45.95,46.41,106401,-0.11,0.6,-0.24,1.29,0.3,1
2014-04-08,45.59,46.63,45.54,46.24,124640,0.65,1.09,1.41,2.36,0.55,1
2014-04-07,45.66,45.99,45.31,45.64,110509,-0.02,0.68,-0.04,1.49,0.34,-1
2014-04-04,46.86,47.08,45.66,45.82,125752,-1.04,1.42,-2.27,3.1,0.71,-1
2014-04-03,46.21,47.0,45.88,46.47,134633,0.26,1.12,0.56,2.42,0.56,1
2014-04-02,46.16,46.48,45.88,46.07,79185,-0.09,0.6,-0.2,1.3,0.3,1
2014-04-01,45.88,46.23,45.56,46.02,117522,0.14,0.67,0.3,1.46,0.33,1
2014-03-31,44.99,46.06,44.85,45.85,140096,0.86,1.21,1.88,2.64,0.61,1
2014-03-28,44.75,45.39,44.57,44.69,133902,-0.06,0.82,-0.13,1.83,0.41,-1
2014-03-27,45.36,45.78,44.78,44.85,116609,-0.51,1.0,-1.14,2.23,0.5,-1
2014-03-26,46.61,46.68,45.21,45.35,135995,-1.26,1.47,-2.78,3.24,0.73,-1
2014-03-25,45.91,46.34,45.76,46.24,204264,0.33,0.58,0.71,1.25,0.29,1
2014-03-24,46.56,46.56,45.71,45.91,125837,-0.65,0.85,-1.42,1.85,0.43,-1
2014-03-21,46.31,46.84,45.86,46.39,152980,0.08,0.98,0.17,2.11,0.49,1
2014-03-20,46.15,46.84,45.91,46.02,91589,-0.13,0.93,-0.28,2.03,0.47,-1
2014-03-19,46.46,46.92,45.99,46.12,136467,-0.34,0.93,-0.74,2.02,0.46,-1
2014-03-18,46.0,46.89,46.0,46.46,179668,0.46,0.89,0.99,1.92,0.45,1
2014-03-17,44.76,46.32,44.71,45.95,226901,1.19,1.61,2.59,3.5,0.8,1
2014-03-14,44.57,45.27,44.12,44.42,112463,-0.15,1.15,-0.34,2.59,0.58,-1
2014-03-13,44.25,44.81,44.08,44.6,101946,0.35,0.73,0.78,1.63,0.36,1
2014-03-12,43.54,44.4,43.54,44.25,98974,0.71,0.86,1.6,1.94,0.43,1
2014-03-11,44.19,44.55,43.52,43.92,113526,-0.27,1.03,-0.61,2.35,0.51,-1
2014-03-10,44.07,44.58,43.74,44.53,82997,0.46,0.84,1.03,1.89,0.42,1
2014-03-07,44.93,45.16,44.14,44.26,94285,-0.67,1.02,-1.51,2.3,0.51,-1
2014-03-06,44.26,44.78,44.06,44.55,88764,0.29,0.72,0.65,1.63,0.36,1
2014-03-05,44.36,44.39,43.87,44.18,87565,-0.18,0.52,-0.41,1.18,0.26,-1
2014-03-04,44.02,44.95,44.02,44.56,158943,0.54,0.93,1.21,2.09,0.46,1
2014-03-03,43.74,43.8,42.94,43.49,70038,-0.25,0.86,-0.57,1.98,0.43,-1
2014-02-28,43.91,44.6,43.64,44.14,127968,0.23,0.96,0.52,2.17,0.48,1
2014-02-27,43.8,44.0,43.47,43.8,99235,0.0,0.53,0.0,1.21,0.26,-1
2014-02-26,44.32,44.79,43.85,44.09,101625,-0.23,0.94,-0.52,2.13,0.47,-1
2014-02-25,44.94,44.95,44.19,44.34,69665,-0.6,0.76,-1.35,1.71,0.38,-1
2014-02-24,44.51,45.09,43.84,44.79,137905,0.28,1.25,0.63,2.78,0.62,1
2014-02-21,44.49,45.03,44.2,44.54,146174,0.05,0.83,0.11,1.87,0.42,-1
2014-02-20,44.3,44.67,43.93,44.55,88612,0.25,0.74,0.56,1.66,0.37,1
2014-02-19,45.01,45.62,44.24,44.38,87485,-0.63,1.38,-1.42,3.11,0.69,-1
2014-02-18,44.89,45.51,44.8,45.26,124902,0.37,0.71,0.82,1.57,0.36,1
2014-02-14,44.24,45.04,44.01,44.92,93623,0.68,1.03,1.51,2.29,0.52,1
2014-02-13,43.36,44.5,43.36,44.25,96574,0.89,1.13,2.01,2.56,0.57,1
2014-02-12,44.02,44.08,43.25,43.61,149502,-0.41,0.83,-0.94,1.9,0.41,-1
2014-02-11,43.9,44.23,43.69,43.94,135760,0.04,0.54,0.09,1.23,0.27,-1
2014-02-10,44.06,44.37,43.26,44.07,112451,0.01,1.11,0.02,2.52,0.56,-1
2014-02-07,44.11,45.01,43.85,44.25,101614,0.14,1.16,0.32,2.62,0.58,1
2014-02-06,43.34,44.13,43.25,44.12,110965,0.78,0.88,1.77,1.99,0.44,1
2014-02-05,43.32,43.66,43.06,43.35,76496,0.03,0.6,0.07,1.39,0.3,-1
2014-02-04,44.0,44.11,43.22,43.44,91224,-0.56,0.89,-1.29,2.05,0.45,-1
2014-02-03,45.0,45.01,43.62,43.89,153462,-1.11,1.39,-2.53,3.17,0.7,-1
2014-01-31,44.9,45.81,44.62,44.99,209484,0.09,1.19,0.2,2.64,0.59,-1
2014-01-30,45.44,46.18,45.06,45.68,73283,0.24,1.12,0.53,2.45,0.56,1
2014-01-29,45.01,45.97,44.85,45.17,87920,0.16,1.12,0.35,2.48,0.56,-1
2014-01-28,45.64,46.36,45.46,45.82,195716,0.18,0.9,0.39,1.96,0.45,1
2014-01-27,47.05,47.05,45.09,45.13,85964,-1.92,1.96,-4.25,4.34,0.98,-1
2014-01-24,46.06,46.13,45.2,45.51,124686,-0.55,0.93,-1.21,2.04,0.46,-1
2014-01-23,46.52,46.71,46.09,46.47,110744,-0.05,0.62,-0.11,1.33,0.31,-1
2014-01-22,46.93,46.93,46.63,46.77,100609,-0.16,0.3,-0.34,0.64,0.15,-1
2014-01-21,47.15,47.59,46.78,46.99,130153,-0.16,0.81,-0.34,1.72,0.41,1
2014-01-17,46.75,47.25,46.11,46.52,62337,-0.23,1.14,-0.49,2.45,0.57,-1
2014-01-16,46.74,47.27,46.59,46.84,99755,0.1,0.68,0.21,1.45,0.34,-1
2014-01-15,46.97,47.12,46.71,46.96,98348,-0.01,0.41,-0.02,0.87,0.2,1
2014-01-14,46.5,46.96,46.13,46.73,101701,0.23,0.83,0.49,1.78,0.41,1
2014-01-13,46.12,46.69,45.89,46.18,159615,0.06,0.8,0.13,1.73,0.4,-1
2014-01-10,46.28,46.67,45.63,46.26,108837,-0.02,1.04,-0.04,2.24,0.52,1
2014-01-09,46.62,46.96,45.89,46.18,165493,-0.44,1.07,-0.95,2.31,0.53,-1
2014-01-08,46.36,46.75,46.14,46.33,218194,-0.03,0.61,-0.06,1.32,0.3,-1
2014-01-07,46.52,46.92,45.99,46.47,141704,-0.05,0.93,-0.11,2.0,0.46,1
2014-01-06,45.99,46.64,45.66,46.46,222428,0.47,0.98,1.01,2.11,0.49,1
2014-01-03,45.26,46.1,45.26,45.71,182597,0.45,0.84,0.98,1.84,0.42,1
2014-01-02,46.44,46.44,44.84,45.23,195501,-1.21,1.6,-2.68,3.54,0.8,-1
2013-12-31,46.47,46.93,46.38,46.49,99758,0.02,0.55,0.04,1.19,0.28,1
2013-12-30,46.61,46.89,46.15,46.37,106838,-0.24,0.74,-0.52,1.6,0.37,-1
2013-12-27,47.18,47.18,46.19,46.55,121977,-0.63,0.99,-1.35,2.13,0.5,-1
2013-12-26,46.65,46.97,46.25,46.86,107690,0.21,0.72,0.45,1.54,0.36,1
2013-12-24,46.29,46.77,46.01,46.36,39091,0.07,0.76,0.15,1.64,0.38,-1
2013-12-23,47.06,47.12,46.17,46.37,148898,-0.69,0.95,-1.49,2.05,0.47,-1
2013-12-20,46.44,47.19,46.26,46.72,231408,0.28,0.93,0.6,1.99,0.46,1
2013-12-19,46.37,46.63,46.01,46.23,51702,-0.14,0.62,-0.3,1.34,0.31,-1
2013-12-18,45.87,46.57,45.38,46.56,115375,0.69,1.19,1.48,2.56,0.59,1
2013-12-17,45.85,45.89,45.34,45.71,113061,-0.14,0.55,-0.31,1.2,0.27,-1
2013-12-16,46.38,46.38,45.77,46.0,161845,-0.38,0.61,-0.83,1.33,0.3,-1
2013-12-13,46.57,46.7,45.98,46.38,157165,-0.19,0.73,-0.41,1.56,0.36,-1
2013-12-12,47.31,47.68,46.39,46.58,105167,-0.73,1.29,-1.57,2.77,0.64,-1
2013-12-11,48.08,48.12,47.17,47.23,157445,-0.85,0.95,-1.8,2.01,0.47,-1
2013-12-10,48.13,48.75,47.78,47.98,385120,-0.15,0.97,-0.31,2.02,0.48,-1
2013-12-09,47.9,48.39,47.3,48.34,162487,0.44,1.09,0.91,2.25,0.55,1
2013-12-06,46.83,48.04,46.66,48.01,135352,1.18,1.38,2.46,2.87,0.69,1
2013-12-05,46.17,46.8,46.14,46.56,222503,0.39,0.66,0.84,1.42,0.33,1
2013-12-04,46.61,47.0,45.88,46.17,142573,-0.44,1.12,-0.95,2.43,0.56,-1
2013-12-03,46.52,47.44,46.52,46.94,116522,0.42,0.92,0.89,1.96,0.46,1
2013-12-02,47.03,47.16,46.47,46.71,143812,-0.32,0.7,-0.69,1.49,0.35,-1
2013-11-29,47.49,47.49,47.08,47.29,50708,-0.2,0.41,-0.42,0.87,0.21,1
2013-11-27,46.4,47.24,46.33,47.16,44154,0.76,0.91,1.61,1.93,0.46,1
2013-11-26,46.48,46.86,46.22,46.61,69176,0.13,0.64,0.28,1.37,0.32,1
2013-11-25,45.61,46.44,45.61,46.41,75231,0.8,0.83,1.72,1.79,0.41,1
2013-11-22,45.32,45.81,44.84,45.61,207990,0.29,0.97,0.64,2.12,0.48,1
2013-11-21,44.56,45.28,44.54,45.2,75133,0.64,0.73,1.42,1.63,0.37,1
2013-11-20,44.44,44.44,43.95,44.26,134139,-0.18,0.49,-0.41,1.11,0.24,1
2013-11-19,43.65,44.64,43.58,44.21,143149,0.56,1.06,1.27,2.4,0.53,1
2013-11-18,43.24,43.82,43.11,43.76,138805,0.52,0.71,1.19,1.62,0.36,1
2013-11-15,42.63,43.13,41.5,43.09,110234,0.46,1.63,1.07,3.78,0.82,1
2013-11-14,42.7,42.99,42.38,42.69,43861,-0.01,0.61,-0.02,1.43,0.3,-1
2013-11-13,41.96,42.85,41.88,42.77,152464,0.81,0.97,1.89,2.27,0.48,1
2013-11-12,41.87,42.52,41.76,42.42,92120,0.55,0.76,1.3,1.79,0.38,1
2013-11-11,42.05,42.16,41.69,41.89,90471,-0.16,0.47,-0.38,1.12,0.23,-1
2013-11-08,40.85,42.16,40.59,42.09,147349,1.24,1.57,2.95,3.73,0.78,1
2013-11-07,41.4,41.46,40.56,40.88,81398,-0.52,0.9,-1.27,2.2,0.45,-1
2013-11-06,41.48,41.55,40.98,41.1,66989,-0.38,0.56,-0.92,1.37,0.28,1
2013-11-05,41.81,42.46,40.43,40.97,67115,-0.84,2.03,-2.05,4.95,1.02,-1
2013-11-04,41.66,42.04,41.5,41.86,111699,0.2,0.54,0.48,1.29,0.27,1
2013-11-01,41.78,42.16,41.18,41.38,103606,-0.4,0.98,-0.97,2.37,0.49,-1
2013-10-31,42.61,42.86,41.97,41.98,78925,-0.63,0.89,-1.5,2.12,0.44,-1
2013-10-30,42.98,42.98,42.29,42.5,73771,-0.48,0.69,-1.13,1.62,0.34,-1
2013-10-29,42.9,43.25,42.64,42.84,80116,-0.06,0.61,-0.14,1.42,0.3,-1
2013-10-28,42.34,42.91,42.25,42.9,163080,0.56,0.66,1.31,1.54,0.33,1
2013-10-25,42.93,42.93,42.32,42.45,134590,-0.48,0.61,-1.13,1.44,0.3,-1
2013-10-24,42.98,42.98,42.63,42.87,117034,-0.11,0.35,-0.26,0.82,0.17,1
2013-10-23,42.79,43.52,42.03,42.82,68272,0.03,1.49,0.07,3.47,0.74,-1
2013-10-22,43.31,43.31,42.19,43.14,217423,-0.17,1.12,-0.39,2.6,0.56,1
2013-10-21,43.29,43.56,42.96,43.01,153313,-0.28,0.59,-0.65,1.38,0.3,-1
2013-10-18,44.09,44.09,42.71,43.43,196501,-0.66,1.38,-1.52,3.18,0.69,-1
2013-10-17,43.28,44.3,43.26,43.67,67729,0.39,1.04,0.89,2.38,0.52,1
2013-10-16,42.85,43.71,34.57,43.37,118904,0.52,9.14,1.2,21.07,4.57,1
2013-10-15,43.37,43.92,43.01,43.06,91521,-0.31,0.91,-0.72,2.11,0.46,-1
2013-10-14,43.37,43.67,43.23,43.53,98421,0.16,0.44,0.37,1.01,0.22,1
2013-10-11,43.18,43.64,42.72,43.5,118825,0.32,0.92,0.74,2.11,0.46,1
2013-10-10,43.0,43.6,42.05,43.42,73637,0.42,1.55,0.97,3.57,0.78,1
2013-10-09,42.74,42.85,42.1,42.47,132250,-0.27,0.75,-0.64,1.77,0.38,-1
2013-10-08,43.12,43.2,42.53,42.7,201691,-0.42,0.67,-0.98,1.57,0.34,1
2013-10-07,42.71,43.03,42.5,42.63,198680,-0.08,0.53,-0.19,1.24,0.27,-1
2013-10-04,42.78,43.5,42.67,43.01,94987,0.23,0.83,0.53,1.93,0.41,1
2013-10-03,43.09,43.18,42.62,42.89,80320,-0.2,0.56,-0.47,1.31,0.28,-1
2013-10-02,43.03,43.33,42.88,43.09,42519,0.06,0.45,0.14,1.04,0.22,1
2013-10-01,42.77,43.27,42.59,43.01,83591,0.24,0.68,0.56,1.59,0.34,1
2013-09-30,42.66,43.38,42.49,42.9,104797,0.24,0.89,0.55,2.07,0.45,-1
2013-09-27,42.53,43.43,42.53,43.03,99236,0.5,0.9,1.16,2.09,0.45,1
2013-09-26,42.84,42.93,42.06,42.91,64862,0.07,0.87,0.16,2.04,0.44,1
2013-09-25,42.78,42.85,41.88,42.61,141607,-0.17,0.97,-0.4,2.28,0.48,1
2013-09-24,42.45,42.9,41.92,42.6,134620,0.15,0.98,0.35,2.3,0.49,1
2013-09-23,42.29,42.68,41.72,42.41,74936,0.12,0.96,0.28,2.26,0.48,1
2013-09-20,42.89,43.99,42.0,42.2,296549,-0.69,1.99,-1.64,4.72,1.0,-1
2013-09-19,42.84,43.72,42.51,42.88,132840,0.04,1.21,0.09,2.82,0.6,1
2013-09-18,42.6,43.54,42.28,42.86,81788,0.26,1.26,0.61,2.94,0.63,1
2013-09-17,42.24,43.06,41.97,42.82,48072,0.58,1.09,1.35,2.55,0.55,1
2013-09-16,42.34,42.86,42.09,42.34,102331,0.0,0.77,0.0,1.82,0.38,1
2013-09-13,41.9,42.4,41.68,42.04,37395,0.14,0.73,0.33,1.72,0.36,1
2013-09-12,40.18,42.0,40.18,41.61,41207,1.43,1.82,3.43,4.37,0.91,-1
2013-09-11,41.72,42.12,41.45,41.89,46481,0.17,0.67,0.41,1.6,0.33,1
2013-09-10,41.31,41.89,41.1,41.86,59234,0.55,0.79,1.31,1.89,0.39,1
2013-09-09,40.96,41.32,40.18,41.23,42366,0.27,1.14,0.65,2.76,0.57,1
2013-09-06,40.84,40.86,39.77,40.47,61192,-0.37,1.09,-0.91,2.69,0.54,-1
2013-09-05,41.37,41.47,40.65,40.8,72334,-0.57,0.82,-1.4,2.01,0.41,-1
2013-09-04,41.0,41.41,40.76,40.95,59594,-0.05,0.65,-0.12,1.59,0.32,-1
2013-09-03,41.35,41.35,40.51,40.99,68818,-0.36,0.84,-0.88,2.05,0.42,1
2013-08-30,41.83,42.08,40.75,40.84,63862,-0.99,1.33,-2.42,3.26,0.66,-1
2013-08-29,41.08,42.36,41.08,42.0,90314,0.92,1.28,2.19,3.05,0.64,1
2013-08-28,41.33,41.52,40.93,41.19,48652,-0.14,0.59,-0.34,1.43,0.3,-1
2013-08-27,42.16,42.4,41.36,41.46,72168,-0.7,1.04,-1.69,2.51,0.52,-1
2013-08-26,42.87,43.03,42.19,42.56,91938,-0.31,0.84,-0.73,1.97,0.42,-1
2013-08-23,43.1,43.1,42.08,42.63,116396,-0.47,1.02,-1.1,2.39,0.51,-1
2013-08-22,42.01,43.19,42.01,43.11,42096,1.1,1.18,2.55,2.74,0.59,1
2013-08-21,42.95,43.05,42.18,42.29,73188,-0.66,0.87,-1.56,2.06,0.43,-1
2013-08-20,42.17,43.25,41.9,42.94,65936,0.77,1.35,1.79,3.14,0.68,1
2013-08-19,42.57,42.85,42.09,42.16,75367,-0.41,0.76,-0.97,1.8,0.38,-1
2013-08-16,42.79,42.92,42.55,42.73,52702,-0.06,0.37,-0.15,0.87,0.19,-1
2013-08-15,43.49,43.69,42.8,42.98,91136,-0.51,0.89,-1.19,2.07,0.45,-1
2013-08-14,44.0,44.25,43.45,43.97,63544,-0.03,0.8,-0.07,1.82,0.4,-1
2013-08-13,42.97,44.19,42.46,44.02,78064,1.05,1.73,2.39,3.93,0.86,1
2013-08-12,42.76,43.48,42.7,43.04,48162,0.28,0.78,0.65,1.82,0.39,-1
2013-08-09,43.92,43.92,43.15,43.19,49232,-0.73,0.77,-1.69,1.78,0.39,-1
2013-08-08,44.1,44.24,43.83,43.89,82019,-0.21,0.41,-0.48,0.93,0.21,1
2013-08-07,45.52,45.52,43.0,43.81,257370,-1.71,2.52,-3.9,5.75,1.26,-1
2013-08-06,45.0,45.99,44.41,45.99,92190,0.99,1.58,2.15,3.44,0.79,1
2013-08-05,44.77,45.29,44.76,45.15,61553,0.38,0.53,0.84,1.17,0.27,1
2013-08-02,44.79,45.18,44.78,44.94,44661,0.15,0.41,0.33,0.9,0.2,-1
2013-08-01,45.15,45.39,44.71,45.11,59281,-0.04,0.68,-0.09,1.51,0.34,1
2013-07-31,44.54,44.93,44.28,44.65,73977,0.11,0.65,0.25,1.46,0.32,1
2013-07-30,44.82,44.93,44.04,44.44,117086,-0.38,0.89,-0.86,2.0,0.45,-1
2013-07-29,44.33,45.02,44.33,44.71,54116,0.38,0.69,0.85,1.54,0.35,-1
2013-07-26,44.74,45.07,44.46,44.88,133840,0.14,0.61,0.31,1.36,0.3,-1
2013-07-25,44.21,45.05,44.21,44.88,162081,0.67,0.84,1.49,1.87,0.42,1
2013-07-24,45.62,45.74,44.4,44.57,142612,-1.05,1.34,-2.36,3.01,0.67,-1
2013-07-23,46.2,46.2,45.16,45.31,90242,-0.89,1.04,-1.96,2.3,0.52,-1
2013-07-22,46.0,46.45,45.81,45.97,221522,-0.03,0.64,-0.07,1.39,0.32,-1
2013-07-19,46.07,46.61,45.79,46.2,220150,0.13,0.82,0.28,1.77,0.41,-1
2013-07-18,45.69,46.51,45.59,46.31,92842,0.62,0.92,1.34,1.99,0.46,1
2013-07-17,45.94,46.16,45.43,45.69,56692,-0.25,0.73,-0.55,1.6,0.36,1
2013-07-16,45.13,45.9,44.86,45.62,69691,0.49,1.04,1.07,2.28,0.52,1
2013-07-15,45.03,45.47,44.73,45.19,89309,0.16,0.74,0.35,1.63,0.37,1
2013-07-12,44.27,45.28,43.98,45.11,82832,0.84,1.3,1.86,2.89,0.65,1
2013-07-11,44.68,44.68,43.53,44.4,105494,-0.28,1.15,-0.63,2.59,0.57,1
2013-07-10,44.61,44.61,44.03,44.23,84852,-0.38,0.58,-0.86,1.31,0.29,-1
2013-07-09,44.19,44.68,43.98,44.61,94605,0.42,0.7,0.94,1.57,0.35,1
2013-07-08,44.24,44.24,43.82,44.1,85991,-0.14,0.42,-0.32,0.95,0.21,-1
2013-07-05,43.93,44.19,43.33,44.11,145267,0.18,0.86,0.41,1.95,0.43,1
2013-07-03,42.93,43.59,42.75,43.17,86679,0.24,0.84,0.56,1.95,0.42,-1
2013-07-02,42.92,43.41,42.87,43.22,101242,0.3,0.54,0.69,1.25,0.27,1
2013-07-01,42.62,43.52,42.35,43.2,113616,0.59,1.17,1.35,2.71,0.59,1
2013-06-28,42.48,42.93,42.2,42.39,682507,-0.09,0.73,-0.21,1.72,0.36,-1
2013-06-27,42.1,42.7,41.89,42.69,78093,0.59,0.81,1.38,1.9,0.41,1
2013-06-26,42.19,42.49,41.76,41.78,83742,-0.41,0.73,-0.98,1.75,0.37,-1
2013-06-25,42.28,43.38,41.79,41.97,134581,-0.31,1.59,-0.74,3.79,0.8,1
2013-06-24,43.22,43.73,41.77,41.85,208559,-1.37,1.96,-3.27,4.68,0.98,-1
2013-06-21,41.47,43.81,41.01,43.67,297723,2.2,2.8,5.04,6.41,1.4,1
2013-06-20,41.32,42.27,41.23,41.33,87420,0.01,1.04,0.02,2.52,0.52,-1
2013-06-19,42.75,42.75,41.83,41.88,95132,-0.87,0.92,-2.08,2.2,0.46,-1
2013-06-18,41.53,43.87,41.31,42.86,53425,1.33,2.56,3.1,5.96,1.28,1
2013-06-17,41.5,42.1,41.05,41.44,52663,-0.06,1.05,-0.14,2.53,0.53,1
2013-06-14,41.27,41.49,40.9,41.11,37820,-0.16,0.59,-0.39,1.44,0.3,-1
2013-06-13,40.2,41.54,40.0,41.44,61519,1.24,1.54,2.99,3.72,0.77,1
2013-06-12,40.64,40.64,40.0,40.18,58884,-0.46,0.64,-1.14,1.59,0.32,-1
2013-06-11,40.46,40.92,40.28,40.48,35978,0.02,0.64,0.05,1.58,0.32,-1
2013-06-10,40.3,40.86,39.83,40.81,192804,0.51,1.03,1.25,2.52,0.52,1
2013-06-07,40.45,40.47,40.07,40.26,33793,-0.19,0.4,-0.47,0.99,0.2,1
2013-06-06,39.68,40.22,39.52,40.16,58988,0.48,0.7,1.2,1.74,0.35,1
2013-06-05,40.0,40.08,39.66,39.68,98741,-0.32,0.42,-0.81,1.06,0.21,-1
2013-06-04,40.19,40.69,39.74,40.13,104446,-0.06,0.95,-0.15,2.37,0.47,-1
2013-06-03,39.82,40.49,39.45,40.46,150906,0.64,1.04,1.58,2.57,0.52,1
2013-05-31,39.36,39.95,39.36,39.61,83724,0.25,0.59,0.63,1.49,0.3,-1
2013-05-30,40.56,40.56,38.92,39.66,112574,-0.9,1.64,-2.27,4.14,0.82,-1
2013-05-29,43.18,43.59,42.78,43.36,71865,0.18,0.81,0.42,1.87,0.4,-1
2013-05-28,43.08,44.0,42.87,43.51,44555,0.43,1.13,0.99,2.6,0.57,1
2013-05-24,42.34,42.82,42.13,42.64,63541,0.3,0.69,0.7,1.62,0.34,1
2013-05-23,42.78,42.86,41.95,42.57,96280,-0.21,0.91,-0.49,2.14,0.45,-1
2013-05-22,43.51,43.9,42.64,43.02,82025,-0.49,1.26,-1.14,2.92,0.63,-1
2013-05-21,44.36,44.36,43.07,43.58,103235,-0.78,1.29,-1.79,2.96,0.64,-1
2013-05-20,44.65,45.03,44.16,44.46,86509,-0.19,0.87,-0.43,1.96,0.44,-1
2013-05-17,45.25,45.46,44.75,44.89,76087,-0.36,0.71,-0.8,1.58,0.35,-1
2013-05-16,45.41,46.01,45.05,45.23,84673,-0.18,0.96,-0.4,2.12,0.48,-1
2013-05-15,45.03,45.63,44.78,45.59,92773,0.56,0.85,1.23,1.86,0.43,1
2013-05-14,44.43,45.5,44.43,45.26,87120,0.83,1.07,1.83,2.36,0.54,1
2013-05-13,44.85,45.09,44.38,44.52,39309,-0.33,0.71,-0.74,1.59,0.36,-1
2013-05-10,45.51,45.51,44.78,45.04,40059,-0.47,0.73,-1.04,1.62,0.36,-1
2013-05-09,45.82,46.33,45.11,45.33,67187,-0.49,1.22,-1.08,2.69,0.61,-1
2013-05-08,45.22,45.8,44.45,45.79,70054,0.57,1.35,1.24,2.95,0.67,1
2013-05-07,44.66,45.19,44.37,45.18,68003,0.52,0.82,1.15,1.81,0.41,1
2013-05-06,45.05,45.15,44.21,44.47,64997,-0.58,0.94,-1.3,2.12,0.47,-1
2013-05-03,42.42,45.94,42.42,45.12,193520,2.7,3.52,5.98,7.8,1.76,1
2013-05-02,41.93,41.97,41.72,41.9,72636,-0.03,0.25,-0.07,0.6,0.12,-1
2013-05-01,41.44,42.01,41.41,41.9,160286,0.46,0.6,1.1,1.43,0.3,1
2013-04-30,41.02,41.7,40.79,41.45,108992,0.43,0.91,1.04,2.19,0.45,1
2013-04-29,40.95,41.33,40.9,41.02,54124,0.07,0.43,0.17,1.05,0.21,1
2013-04-26,40.67,40.96,40.35,40.54,79018,-0.13,0.61,-0.32,1.5,0.3,-1
2013-04-25,40.98,41.08,40.14,40.67,47028,-0.31,0.94,-0.76,2.31,0.47,-1
2013-04-24,40.6,41.02,40.53,40.98,39945,0.38,0.49,0.93,1.2,0.25,1
2013-04-23,39.87,40.72,39.87,40.7,38926,0.83,0.86,2.04,2.1,0.43,1
2013-04-22,39.87,39.87,38.93,39.51,68383,-0.36,0.94,-0.91,2.38,0.47,-1
2013-04-19,38.8,39.9,38.8,39.85,49891,1.05,1.1,2.63,2.76,0.55,1
2013-04-18,39.25,39.46,38.7,38.81,73747,-0.44,0.76,-1.13,1.96,0.38,-1
2013-04-17,39.85,40.03,38.93,39.11,130178,-0.74,1.1,-1.89,2.81,0.55,-1
2013-04-16,39.68,40.22,39.52,40.12,109225,0.44,0.7,1.1,1.74,0.35,1
2013-04-15,40.74,40.91,39.4,39.45,103728,-1.29,1.51,-3.27,3.82,0.75,-1
2013-04-12,40.95,41.42,40.73,41.05,51627,0.1,0.69,0.24,1.68,0.35,-1
2013-04-11,41.02,41.5,41.02,41.21,41477,0.19,0.48,0.46,1.16,0.24,1
2013-04-10,40.63,41.11,40.58,40.97,91756,0.34,0.53,0.83,1.29,0.27,1
2013-04-09,41.25,41.48,40.62,40.66,60554,-0.59,0.86,-1.45,2.12,0.43,-1
2013-04-08,40.88,41.5,40.63,41.5,52774,0.62,0.87,1.49,2.1,0.43,1
2013-04-05,40.3,40.85,40.3,40.78,43575,0.48,0.55,1.18,1.35,0.28,-1
2013-04-04,40.11,40.83,40.11,40.79,47751,0.68,0.72,1.67,1.77,0.36,1
2013-04-03,39.86,40.86,39.86,40.38,67847,0.52,1.0,1.29,2.48,0.5,-1
2013-04-02,41.03,41.23,40.35,40.4,95634,-0.63,0.88,-1.56,2.18,0.44,-1
2013-04-01,41.37,41.5,40.62,40.84,60856,-0.53,0.88,-1.3,2.15,0.44,-1
2013-03-28,41.08,41.5,39.61,41.38,71745,0.3,1.89,0.72,4.57,0.95,1
2013-03-27,41.02,41.12,40.55,40.93,86643,-0.09,0.57,-0.22,1.39,0.29,-1
2013-03-26,41.36,41.61,41.02,41.19,74789,-0.17,0.59,-0.41,1.43,0.29,1
2013-03-25,41.27,41.27,40.79,41.15,92739,-0.12,0.48,-0.29,1.17,0.24,1
2013-03-22,41.5,41.58,41.01,41.04,102054,-0.46,0.57,-1.12,1.39,0.29,-1
2013-03-21,41.32,41.51,41.32,41.46,57239,0.14,0.19,0.34,0.46,0.09,-1
2013-03-20,41.2,41.5,41.2,41.5,56288,0.3,0.3,0.72,0.72,0.15,1
2013-03-19,40.55,41.39,40.45,41.15,137532,0.6,0.94,1.46,2.28,0.47,1
2013-03-18,39.85,40.64,39.85,40.41,68479,0.56,0.79,1.39,1.95,0.39,1
2013-03-15,40.08,40.21,39.82,40.08,223756,0.0,0.39,0.0,0.97,0.2,-1
2013-03-14,39.72,40.16,39.56,40.16,112372,0.44,0.6,1.1,1.49,0.3,1
2013-03-13,39.68,39.77,39.37,39.55,109388,-0.13,0.4,-0.33,1.01,0.2,1
2013-03-12,39.5,39.55,39.34,39.54,64682,0.04,0.21,0.1,0.53,0.1,1
2013-03-11,39.75,39.96,39.35,39.45,46062,-0.3,0.61,-0.76,1.55,0.3,-1
2013-03-08,40.05,40.21,39.65,39.84,76532,-0.21,0.56,-0.53,1.41,0.28,1
2013-03-07,39.35,39.75,39.03,39.7,47019,0.35,0.72,0.88,1.81,0.36,1
2013-03-06,39.42,39.78,39.05,39.46,34762,0.04,0.73,0.1,1.84,0.36,1
2013-03-05,39.01,39.56,39.01,39.44,48191,0.43,0.55,1.09,1.39,0.28,1
2013-03-04,37.92,39.0,34.78,38.91,82554,0.99,4.22,2.54,10.84,2.11,1
2013-03-01,37.62,38.42,37.18,38.1,65737,0.48,1.24,1.26,3.25,0.62,1
2013-02-28,38.31,38.51,37.81,37.98,98435,-0.33,0.7,-0.87,1.84,0.35,-1
2013-02-27,37.62,38.51,37.34,38.28,85230,0.66,1.17,1.72,3.06,0.58,1
2013-02-26,37.43,37.99,37.27,37.75,87413,0.32,0.72,0.85,1.91,0.36,1
2013-02-25,38.32,38.55,37.29,37.4,89579,-0.92,1.26,-2.46,3.37,0.63,-1
2013-02-22,38.51,38.51,38.16,38.29,52756,-0.22,0.35,-0.57,0.91,0.18,-1
2013-02-21,38.29,38.6,38.09,38.29,62457,0.0,0.51,0.0,1.33,0.25,1
2013-02-20,38.61,38.75,38.15,38.17,100311,-0.44,0.6,-1.15,1.57,0.3,-1
2013-02-19,38.49,38.76,38.48,38.71,48204,0.22,0.27,0.57,0.71,0.14,1
2013-02-15,38.8,38.8,38.25,38.52,90704,-0.28,0.55,-0.73,1.43,0.27,1
2013-02-14,38.45,38.65,38.35,38.49,89696,0.04,0.3,0.1,0.77,0.15,-1
2013-02-13,38.79,38.97,38.46,38.63,37702,-0.16,0.51,-0.41,1.32,0.25,-1
2013-02-12,38.35,38.78,38.15,38.68,52746,0.33,0.63,0.85,1.63,0.32,-1
2013-02-11,38.62,38.74,38.47,38.69,37718,0.07,0.27,0.18,0.7,0.14,-1
2013-02-08,38.37,39.24,38.27,38.74,47027,0.37,0.97,0.96,2.5,0.48,1
2013-02-07,37.5,38.51,31.5,38.41,75106,0.91,7.01,2.37,18.24,3.5,1
2013-02-06,36.96,37.7,36.79,37.46,48803,0.5,0.91,1.33,2.43,0.46,1
2013-02-05,36.8,37.22,36.63,37.2,47026,0.4,0.59,1.08,1.59,0.29,1
2013-02-04,36.77,36.87,36.42,36.72,46536,-0.05,0.45,-0.14,1.23,0.22,-1
2013-02-01,36.32,37.0,34.58,36.93,68309,0.61,2.42,1.65,6.55,1.21,1
2013-01-31,35.71,36.37,35.51,36.09,49242,0.38,0.86,1.05,2.38,0.43,1
2013-01-30,36.5,36.5,35.65,35.78,59057,-0.72,0.85,-2.01,2.38,0.43,-1
2013-01-29,36.02,36.64,34.68,36.62,59775,0.6,1.96,1.64,5.35,0.98,1
2013-01-28,36.82,36.82,35.87,35.92,120731,-0.9,0.95,-2.51,2.64,0.48,-1
2013-01-25,37.23,37.6,36.62,36.89,83627,-0.34,0.98,-0.92,2.66,0.49,-1
2013-01-24,37.14,37.23,36.85,37.04,64161,-0.1,0.38,-0.27,1.03,0.19,-1
2013-01-23,37.02,37.14,36.61,37.07,64047,0.05,0.53,0.13,1.43,0.27,1
2013-01-22,36.3,37.1,35.51,36.95,26722,0.65,1.59,1.76,4.29,0.79,1
2013-01-18,36.28,36.42,35.92,36.24,45312,-0.04,0.5,-0.11,1.38,0.25,1
2013-01-17,36.22,36.35,36.18,36.23,51261,0.01,0.17,0.03,0.47,0.09,1
2013-01-16,35.69,36.22,35.69,36.14,43276,0.45,0.53,1.25,1.47,0.27,1
2013-01-15,35.36,35.9,35.24,35.8,73871,0.44,0.66,1.23,1.84,0.33,1
2013-01-14,35.48,36.39,35.31,35.64,39060,0.16,1.08,0.45,3.03,0.54,1
2013-01-11,35.5,35.71,35.3,35.54,52090,0.04,0.41,0.11,1.15,0.21,1
2013-01-10,35.49,35.67,35.37,35.51,47981,0.02,0.3,0.06,0.84,0.15,1
2013-01-09,35.36,35.84,33.76,35.42,50552,0.06,2.08,0.17,5.88,1.04,1
2013-01-08,34.76,35.52,34.61,35.29,45684,0.53,0.91,1.5,2.58,0.46,1
2013-01-07,35.09,35.24,34.86,34.87,40195,-0.22,0.38,-0.63,1.09,0.19,-1
2013-01-04,34.64,35.59,34.57,35.35,57795,0.71,1.02,2.01,2.89,0.51,1
2013-01-03,34.5,34.59,32.1,34.46,56798,-0.04,2.49,-0.12,7.23,1.25,-1
2013-01-02,34.24,34.5,33.53,34.49,129967,0.25,0.97,0.72,2.81,0.48,1
2012-12-31,32.99,33.69,32.72,33.59,73582,0.6,0.97,1.79,2.89,0.48,1
2012-12-28,32.97,33.13,32.82,32.88,72789,-0.09,0.31,-0.27,0.94,0.16,-1
2012-12-27,33.04,33.34,32.65,33.16,90032,0.12,0.69,0.36,2.08,0.35,1
2012-12-26,33.22,33.39,32.78,33.12,126772,-0.1,0.61,-0.3,1.84,0.3,-1
2012-12-24,33.53,33.79,33.25,33.26,46331,-0.27,0.54,-0.81,1.62,0.27,-1
2012-12-21,34.47,34.47,33.37,33.6,201007,-0.87,1.1,-2.59,3.27,0.55,-1
2012-12-20,33.95,34.43,32.57,34.33,103599,0.38,1.86,1.11,5.41,0.93,1
2012-12-19,33.15,34.05,32.93,33.98,92380,0.83,1.12,2.44,3.3,0.56,1
2012-12-18,32.78,33.21,32.71,33.04,79095,0.26,0.5,0.79,1.52,0.25,1
2012-12-17,32.39,32.82,32.39,32.79,43660,0.4,0.43,1.22,1.31,0.21,1
2012-12-14,32.48,32.79,32.24,32.33,47222,-0.15,0.55,-0.46,1.7,0.27,-1
2012-12-13,32.66,32.92,32.42,32.62,40342,-0.05,0.49,-0.14,1.52,0.25,-1
2012-12-12,33.18,33.19,32.84,32.98,81385,-0.2,0.35,-0.61,1.08,0.18,-1
2012-12-11,33.29,33.49,32.85,33.03,50884,-0.26,0.64,-0.79,1.94,0.32,-1
2012-12-10,32.99,33.2,32.72,33.08,54288,0.09,0.48,0.27,1.45,0.24,1
2012-12-07,33.15,33.15,32.74,32.89,42159,-0.26,0.41,-0.79,1.25,0.2,-1
2012-12-06,33.0,33.18,32.84,32.96,50791,-0.04,0.34,-0.12,1.03,0.17,-1
2012-12-05,33.08,33.31,32.24,33.13,31129,0.05,1.07,0.15,3.21,0.53,1
2012-12-04,33.0,33.11,32.73,32.92,29711,-0.08,0.38,-0.24,1.15,0.19,-1
2012-12-03,33.36,33.58,32.75,33.0,36301,-0.36,0.83,-1.09,2.52,0.41,-1
2012-11-30,32.96,33.26,31.81,33.19,120708,0.23,1.45,0.69,4.37,0.72,1
2012-11-29,32.97,33.36,32.53,32.82,45960,-0.15,0.83,-0.46,2.53,0.41,-1
2012-11-28,32.73,33.04,32.18,32.89,78570,0.16,0.86,0.49,2.61,0.43,-1
2012-11-27,32.95,33.12,32.38,32.91,53512,-0.04,0.74,-0.12,2.25,0.37,-1
2012-11-26,32.63,33.02,32.53,33.0,49795,0.37,0.49,1.12,1.5,0.25,1
2012-11-23,32.43,32.71,32.29,32.71,23624,0.28,0.42,0.86,1.28,0.21,1
2012-11-21,31.97,32.31,31.32,32.3,35922,0.33,0.99,1.02,3.07,0.5,1
2012-11-20,31.88,32.04,31.27,32.04,56266,0.16,0.77,0.5,2.4,0.38,1
2012-11-19,31.87,32.12,31.67,32.03,47120,0.16,0.45,0.5,1.4,0.22,1
2012-11-16,31.93,31.98,31.34,31.66,162564,-0.27,0.64,-0.85,2.02,0.32,-1
2012-11-15,32.66,32.66,31.56,32.07,45505,-0.59,1.1,-1.84,3.43,0.55,-1
2012-11-14,33.13,33.36,32.6,32.66,88899,-0.47,0.76,-1.44,2.33,0.38,-1
2012-11-13,32.61,33.18,32.61,33.01,56360,0.4,0.57,1.21,1.73,0.29,1
2012-11-12,32.84,33.0,32.58,32.81,34096,-0.03,0.42,-0.09,1.28,0.21,-1
2012-11-09,32.76,33.05,32.73,32.84,55760,0.08,0.32,0.24,0.97,0.16,-1
2012-11-08,32.94,33.25,32.74,33.0,79433,0.06,0.51,0.18,1.55,0.25,1
2012-11-07,32.72,33.08,32.62,32.88,123953,0.16,0.46,0.49,1.4,0.23,-1
2012-11-06,33.65,33.65,32.41,33.09,97528,-0.56,1.24,-1.69,3.74,0.62,-1
2012-11-05,33.25,33.72,33.0,33.47,50197,0.22,0.72,0.66,2.15,0.36,1
2012-11-02,34.3,34.3,33.33,33.41,118482,-0.89,0.97,-2.66,2.9,0.48,-1
2012-11-01,34.4,34.5,33.81,34.11,130198,-0.29,0.69,-0.85,2.02,0.34,-1
2012-10-31,34.3,34.4,34.2,34.4,76926,0.1,0.2,0.29,0.58,0.1,1
2012-10-26,34.5,34.51,34.26,34.33,79175,-0.17,0.25,-0.5,0.73,0.12,-1
2012-10-25,34.5,34.7,34.35,34.56,77030,0.06,0.35,0.17,1.01,0.18,1
2012-10-24,34.5,34.5,34.16,34.45,73129,-0.05,0.34,-0.15,0.99,0.17,-1
2012-10-23,33.96,34.53,33.88,34.49,110894,0.53,0.65,1.54,1.88,0.32,1
2012-10-22,33.86,34.2,33.83,34.18,55125,0.32,0.38,0.94,1.1,0.19,1
2012-10-19,33.88,33.97,33.68,33.86,92690,-0.02,0.29,-0.06,0.86,0.14,-1
2012-10-18,34.05,34.34,33.93,34.15,130333,0.1,0.41,0.29,1.19,0.2,1
2012-10-17,34.0,34.11,33.83,34.1,99317,0.1,0.28,0.29,0.82,0.14,1
2012-10-16,33.62,34.0,33.57,33.99,127147,0.37,0.43,1.09,1.27,0.21,1
2012-10-15,33.41,33.6,33.11,33.39,84554,-0.02,0.49,-0.06,1.47,0.25,1
2012-10-12,33.46,33.54,33.15,33.26,27480,-0.2,0.39,-0.6,1.17,0.2,-1
2012-10-11,33.5,33.75,33.37,33.48,47882,-0.02,0.38,-0.06,1.14,0.19,-1
2012-10-10,33.5,33.63,33.43,33.5,68840,0.0,0.2,0.0,0.6,0.1,1
2012-10-09,33.36,33.5,33.1,33.4,74586,0.04,0.4,0.12,1.2,0.2,1
2012-10-08,33.06,33.32,32.84,33.29,76548,0.23,0.48,0.69,1.46,0.24,1
2012-10-05,33.22,33.4,33.02,33.13,45129,-0.09,0.38,-0.27,1.15,0.19,-1
2012-10-04,32.87,33.19,32.73,33.19,48180,0.32,0.46,0.96,1.39,0.23,1
2012-10-03,33.2,33.25,32.76,32.81,39113,-0.39,0.49,-1.2,1.49,0.25,-1
2012-10-02,33.24,33.25,32.88,33.18,126122,-0.06,0.37,-0.18,1.12,0.18,-1
2012-10-01,32.58,33.25,32.58,33.2,106985,0.62,0.67,1.87,2.02,0.34,1
2012-09-28,32.34,32.53,32.08,32.39,91155,0.05,0.45,0.15,1.39,0.23,-1
2012-09-27,32.11,32.59,31.98,32.51,107186,0.4,0.61,1.23,1.89,0.31,1
2012-09-26,32.12,32.3,31.95,32.04,46722,-0.08,0.35,-0.25,1.08,0.17,1
2012-09-25,32.61,32.79,31.95,31.99,73391,-0.62,0.84,-1.94,2.63,0.42,-1
2012-09-24,31.71,32.46,31.62,32.38,115062,0.67,0.84,2.07,2.58,0.42,1
2012-09-21,31.98,31.98,31.33,31.8,269855,-0.18,0.65,-0.57,2.04,0.33,1
2012-09-20,31.41,31.6,31.15,31.52,46909,0.11,0.45,0.35,1.43,0.23,1
2012-09-19,31.45,31.52,31.24,31.47,92733,0.02,0.28,0.06,0.89,0.14,-1
2012-09-18,31.21,31.5,31.19,31.49,81416,0.28,0.31,0.89,0.98,0.15,1
2012-09-17,31.26,31.35,30.94,31.34,198547,0.08,0.41,0.26,1.31,0.21,-1
2012-09-14,31.35,31.39,31.26,31.35,101918,0.0,0.14,0.0,0.43,0.07,1
2012-09-13,31.16,31.36,31.09,31.32,63107,0.16,0.27,0.51,0.86,0.13,1
2012-09-12,31.26,31.35,30.99,31.2,37415,-0.06,0.36,-0.19,1.15,0.18,-1
2012-09-11,31.0,31.36,30.81,31.27,89251,0.27,0.55,0.86,1.76,0.28,1
2012-09-10,31.31,31.35,31.22,31.22,39845,-0.09,0.13,-0.29,0.42,0.07,-1
2012-09-07,31.35,31.39,31.03,31.29,94934,-0.06,0.36,-0.19,1.15,0.18,-1
2012-09-06,30.81,31.31,30.61,31.3,83954,0.49,0.7,1.57,2.24,0.35,1
2012-09-05,30.57,30.65,30.06,30.61,73919,0.04,0.59,0.13,1.93,0.29,1
2012-09-04,29.6,30.45,29.07,30.4,68764,0.8,1.38,2.63,4.54,0.69,1
2012-08-31,29.94,29.94,29.13,29.56,253311,-0.38,0.81,-1.29,2.74,0.41,-1
2012-08-30,29.8,29.98,29.4,29.73,43247,-0.07,0.58,-0.24,1.95,0.29,-1
2012-08-29,30.18,30.18,29.84,29.98,49661,-0.2,0.34,-0.67,1.13,0.17,-1
2012-08-28,29.66,30.18,29.66,30.07,58482,0.41,0.52,1.36,1.75,0.26,1
2012-08-27,29.96,30.0,29.67,29.73,41498,-0.23,0.33,-0.77,1.11,0.16,-1
2012-08-24,30.02,30.24,29.77,29.85,52824,-0.17,0.47,-0.57,1.57,0.23,-1
2012-08-23,30.99,30.99,30.07,30.16,51136,-0.83,0.92,-2.75,3.05,0.46,-1
2012-08-22,31.07,31.28,30.87,30.97,56642,-0.1,0.41,-0.32,1.32,0.2,-1
2012-08-21,30.98,31.36,30.76,31.15,71722,0.17,0.61,0.55,1.94,0.3,1
2012-08-20,31.17,31.19,30.66,30.93,71883,-0.24,0.53,-0.78,1.71,0.27,1
2012-08-17,30.19,30.76,30.19,30.68,67591,0.49,0.57,1.6,1.86,0.29,1
2012-08-16,30.5,30.51,29.79,30.34,92136,-0.16,0.72,-0.53,2.37,0.36,-1
2012-08-15,30.3,30.67,30.26,30.61,37469,0.31,0.41,1.01,1.34,0.21,1
2012-08-14,30.88,31.0,30.27,30.43,52078,-0.45,0.73,-1.48,2.4,0.37,-1
2012-08-13,31.16,31.34,30.62,30.86,36621,-0.3,0.71,-0.97,2.32,0.36,-1
2012-08-10,31.25,31.25,31.0,31.25,62801,0.0,0.25,0.0,0.8,0.12,-1
2012-08-09,31.35,31.35,31.23,31.35,55264,0.0,0.12,0.0,0.38,0.06,1
2012-08-08,31.02,31.35,31.02,31.32,55970,0.3,0.33,0.96,1.05,0.17,1
2012-08-07,30.64,31.35,29.65,31.1,53102,0.46,1.7,1.48,5.47,0.85,1
2012-08-06,30.12,30.8,30.12,30.57,44822,0.45,0.68,1.47,2.23,0.34,1
2012-08-03,29.14,30.34,29.14,30.14,58062,1.0,1.2,3.32,3.98,0.6,1
2012-08-02,28.59,29.18,28.59,28.97,44863,0.38,0.59,1.31,2.04,0.29,1
2012-08-01,29.46,29.73,28.72,28.72,94650,-0.74,1.01,-2.58,3.52,0.51,-1
2012-07-31,30.04,30.04,29.39,29.41,66049,-0.63,0.65,-2.14,2.21,0.32,-1
2012-07-30,30.19,30.48,30.15,30.22,32732,0.03,0.34,0.1,1.11,0.17,1
2012-07-27,29.26,30.26,29.2,30.13,71028,0.87,1.06,2.89,3.52,0.53,1
2012-07-26,29.38,29.4,29.0,29.09,48491,-0.29,0.4,-1.0,1.38,0.2,1
2012-07-25,28.96,29.2,28.81,29.03,31992,0.07,0.39,0.24,1.34,0.2,1
2012-07-24,29.45,29.45,28.61,28.78,52531,-0.67,0.84,-2.33,2.92,0.42,-1
2012-07-23,29.26,29.53,28.94,29.28,37439,0.02,0.59,0.07,2.02,0.29,-1
2012-07-20,29.92,29.92,29.55,29.61,62170,-0.31,0.37,-1.05,1.25,0.19,-1
2012-07-19,30.31,31.0,29.77,29.92,42760,-0.39,1.23,-1.3,4.11,0.62,-1
2012-07-18,30.72,30.77,30.22,30.28,72964,-0.44,0.55,-1.45,1.82,0.28,-1
2012-07-17,30.85,30.93,30.35,30.8,45948,-0.05,0.58,-0.16,1.88,0.29,1
2012-07-16,30.74,30.85,30.65,30.68,29183,-0.06,0.2,-0.2,0.65,0.1,-1
2012-07-13,30.55,30.99,30.46,30.8,55797,0.25,0.53,0.81,1.72,0.26,1
2012-07-12,30.57,30.59,30.2,30.51,51885,-0.06,0.39,-0.2,1.28,0.2,-1
2012-07-11,30.69,30.91,30.62,30.73,51740,0.04,0.29,0.13,0.94,0.14,1
2012-07-10,30.66,30.79,30.57,30.67,41839,0.01,0.22,0.03,0.72,0.11,1
2012-07-09,30.51,30.82,30.41,30.59,42181,0.08,0.41,0.26,1.34,0.21,1
2012-07-06,30.01,30.63,29.92,30.4,41073,0.39,0.71,1.28,2.34,0.35,1
2012-07-05,30.71,30.86,30.32,30.33,48128,-0.38,0.54,-1.25,1.78,0.27,-1
2012-07-03,30.33,30.75,30.2,30.73,41475,0.4,0.55,1.3,1.79,0.28,1
2012-07-02,29.38,30.23,29.38,30.23,76393,0.85,0.85,2.81,2.81,0.43,1
2012-06-29,28.86,29.33,28.09,29.27,69887,0.41,1.24,1.4,4.24,0.62,1
2012-06-28,28.32,28.41,28.0,28.37,38647,0.05,0.41,0.18,1.45,0.21,-1
2012-06-27,27.75,28.49,27.68,28.44,52268,0.69,0.81,2.43,2.85,0.4,1
2012-06-26,27.73,27.98,27.6,27.76,55026,0.03,0.38,0.11,1.37,0.19,1
2012-06-25,27.93,28.02,27.71,27.71,34246,-0.22,0.31,-0.79,1.12,0.15,-1
2012-06-22,28.06,28.49,27.98,28.2,143166,0.14,0.51,0.5,1.81,0.25,1
2012-06-21,28.14,28.3,27.87,27.94,52462,-0.2,0.43,-0.72,1.54,0.21,-1
2012-06-20,28.45,28.54,28.11,28.21,109134,-0.24,0.43,-0.85,1.52,0.21,-1
2012-06-19,28.55,28.65,28.32,28.51,377111,-0.04,0.33,-0.14,1.16,0.16,-1
2012-06-18,28.64,29.97,28.49,28.53,77365,-0.11,1.48,-0.39,5.19,0.74,-1
2012-06-15,28.49,28.88,28.32,28.79,236156,0.3,0.56,1.04,1.95,0.28,1
2012-06-14,28.34,28.62,28.29,28.57,31417,0.23,0.33,0.81,1.16,0.17,1
2012-06-13,28.53,28.66,28.16,28.27,76339,-0.26,0.5,-0.92,1.77,0.25,-1
2012-06-12,28.73,28.73,28.29,28.55,37416,-0.18,0.44,-0.63,1.54,0.22,-1
2012-06-11,29.41,29.41,28.59,28.59,62661,-0.82,0.82,-2.87,2.87,0.41,-1
2012-06-08,28.94,29.24,28.67,29.11,36518,0.17,0.57,0.58,1.96,0.28,1
2012-06-07,29.34,30.0,28.95,28.99,76135,-0.35,1.05,-1.21,3.62,0.53,-1
2012-06-06,28.38,29.11,28.38,29.06,83818,0.68,0.73,2.34,2.51,0.37,1
2012-06-05,27.83,28.36,27.83,28.34,61611,0.51,0.53,1.8,1.87,0.27,1
2012-06-04,27.73,28.19,27.6,27.99,140647,0.26,0.59,0.93,2.11,0.29,1
2012-06-01,27.6,27.89,27.42,27.62,137269,0.02,0.47,0.07,1.7,0.23,-1
2012-05-31,27.85,28.09,27.5,27.98,263568,0.13,0.59,0.46,2.11,0.29,1
2012-05-30,28.53,28.75,27.79,27.81,142563,-0.72,0.96,-2.59,3.45,0.48,-1
2012-05-29,28.95,29.1,28.66,28.8,227408,-0.15,0.44,-0.52,1.52,0.22,-1
2012-05-25,28.11,28.91,28.08,28.82,146101,0.71,0.83,2.46,2.88,0.42,1
2012-05-24,27.93,28.05,27.5,28.05,99981,0.12,0.55,0.43,1.96,0.28,1
2012-05-23,27.77,28.1,27.49,27.88,93998,0.11,0.61,0.39,2.19,0.31,-1
2012-05-22,28.25,28.41,27.94,28.04,92095,-0.21,0.47,-0.75,1.68,0.23,-1
2012-05-21,28.33,28.58,28.1,28.3,77150,-0.03,0.48,-0.11,1.7,0.24,1
2012-05-18,28.55,28.55,28.28,28.29,78192,-0.26,0.27,-0.92,0.95,0.13,-1
2012-05-17,28.78,28.95,28.62,28.65,79836,-0.13,0.33,-0.45,1.15,0.16,-1
2012-05-16,28.69,29.04,28.69,28.81,89450,0.12,0.34,0.42,1.2,0.17,1
2012-05-15,28.4,28.78,28.4,28.67,86473,0.27,0.38,0.94,1.33,0.19,1
2012-05-14,28.25,28.59,28.25,28.48,74992,0.23,0.34,0.81,1.19,0.17,-1
2012-05-11,28.65,28.82,28.44,28.56,51095,-0.09,0.38,-0.32,1.33,0.19,-1
2012-05-10,28.95,29.03,28.84,28.94,72792,-0.01,0.19,-0.03,0.66,0.1,1
2012-05-09,28.95,29.0,28.65,28.84,121698,-0.11,0.35,-0.38,1.21,0.18,-1
2012-05-08,28.76,29.41,28.7,29.15,112266,0.39,0.71,1.34,2.44,0.36,1
2012-05-07,28.77,29.2,28.77,29.0,102509,0.23,0.43,0.79,1.48,0.21,1
2012-05-04,28.92,29.11,28.79,28.87,113721,-0.05,0.32,-0.17,1.11,0.16,-1
2012-05-03,28.83,29.23,28.83,29.03,101267,0.2,0.4,0.69,1.38,0.2,1
2012-05-02,28.59,29.09,28.41,28.95,63725,0.36,0.68,1.24,2.35,0.34,1
2012-05-01,28.8,29.23,28.79,28.84,78557,0.04,0.44,0.14,1.53,0.22,-1
2012-04-30,29.0,29.32,28.8,28.86,89103,-0.14,0.52,-0.49,1.8,0.26,-1
2012-04-27,29.01,29.17,28.68,29.09,54009,0.08,0.49,0.28,1.68,0.25,1
2012-04-26,28.62,29.15,28.62,29.05,52781,0.43,0.53,1.48,1.82,0.26,1
2012-04-25,28.8,28.92,28.54,28.77,50286,-0.03,0.38,-0.1,1.32,0.19,1
2012-04-24,28.25,28.58,28.25,28.54,43202,0.29,0.33,1.02,1.16,0.16,1
2012-04-23,28.25,28.36,28.25,28.27,76402,0.02,0.11,0.07,0.39,0.05,-1
2012-04-20,28.83,28.98,28.42,28.44,85171,-0.39,0.56,-1.37,1.97,0.28,1
2012-04-19,28.33,28.66,28.26,28.29,54828,-0.04,0.4,-0.14,1.41,0.2,-1
2012-04-18,28.79,28.79,28.31,28.37,50321,-0.42,0.48,-1.48,1.69,0.24,-1
2012-04-17,28.94,29.14,28.75,28.87,92439,-0.07,0.39,-0.24,1.35,0.2,1
2012-04-16,28.31,28.75,28.26,28.68,75381,0.37,0.49,1.29,1.71,0.24,1
2012-04-13,28.46,28.54,28.25,28.25,105442,-0.21,0.29,-0.74,1.03,0.14,-1
2012-04-12,28.68,28.74,28.46,28.47,115652,-0.21,0.28,-0.74,0.98,0.14,-1
2012-04-11,28.92,28.92,28.42,28.72,53015,-0.2,0.5,-0.7,1.74,0.25,1
2012-04-10,28.95,28.95,28.5,28.52,82600,-0.43,0.45,-1.51,1.58,0.22,-1
2012-04-09,28.98,29.13,28.9,28.96,51328,-0.02,0.23,-0.07,0.79,0.12,-1
2012-04-05,29.25,29.58,29.25,29.48,36398,0.23,0.33,0.78,1.12,0.16,1
2012-04-04,29.47,29.62,29.38,29.42,63977,-0.05,0.24,-0.17,0.81,0.12,-1
2012-04-03,30.07,30.1,29.56,29.67,92594,-0.4,0.54,-1.35,1.82,0.27,-1
2012-04-02,29.74,30.31,29.69,30.15,89313,0.41,0.62,1.36,2.07,0.31,1
2012-03-30,30.44,30.44,29.87,29.87,84447,-0.57,0.57,-1.91,1.91,0.29,-1
2012-03-29,30.19,30.61,30.05,30.22,172884,0.03,0.56,0.1,1.85,0.28,-1
2012-03-28,30.14,30.49,30.11,30.27,84974,0.13,0.38,0.43,1.26,0.19,1
2012-03-27,30.26,30.52,30.02,30.1,84696,-0.16,0.5,-0.53,1.66,0.25,-1
2012-03-26,30.12,30.2,30.02,30.16,122641,0.04,0.18,0.13,0.6,0.09,1
2012-03-23,29.85,29.85,29.61,29.8,81769,-0.05,0.24,-0.17,0.81,0.12,-1
2012-03-22,29.47,29.9,29.37,29.8,107622,0.33,0.53,1.11,1.78,0.26,1
2012-03-21,29.79,29.95,29.56,29.71,73131,-0.08,0.39,-0.27,1.31,0.2,1
2012-03-20,29.57,29.88,29.56,29.67,43634,0.1,0.32,0.34,1.08,0.16,-1
2012-03-19,29.65,29.96,29.55,29.77,57797,0.12,0.41,0.4,1.37,0.2,1
2012-03-16,29.78,29.91,29.53,29.59,130405,-0.19,0.38,-0.64,1.28,0.19,-1
2012-03-15,29.48,29.73,29.28,29.65,39088,0.17,0.45,0.57,1.52,0.22,1
2012-03-14,29.5,29.65,29.26,29.4,41333,-0.1,0.39,-0.34,1.32,0.19,-1
2012-03-13,29.52,29.68,29.36,29.53,80760,0.01,0.32,0.03,1.08,0.16,1
2012-03-12,29.42,29.43,29.17,29.28,40127,-0.14,0.26,-0.48,0.89,0.13,-1
2012-03-09,28.36,29.48,28.36,29.38,93939,1.02,1.12,3.47,3.81,0.56,1
2012-03-08,28.39,28.69,28.25,28.38,42582,-0.01,0.44,-0.04,1.55,0.22,1
2012-03-07,28.34,28.53,28.26,28.35,49401,0.01,0.27,0.04,0.95,0.13,1
2012-03-06,28.25,28.44,28.25,28.3,123873,0.05,0.19,0.18,0.67,0.1,1
2012-03-05,27.74,28.27,27.52,28.24,106364,0.5,0.75,1.77,2.66,0.38,1
2012-03-02,29.01,29.02,27.73,27.89,116389,-1.12,1.29,-4.02,4.63,0.64,-1
2012-03-01,29.98,30.04,28.94,28.97,85945,-1.01,1.1,-3.49,3.8,0.55,-1
2012-02-29,30.0,30.27,29.78,29.85,103056,-0.15,0.49,-0.5,1.64,0.24,-1
2012-02-28,29.91,30.17,29.79,29.92,88241,0.01,0.38,0.03,1.27,0.19,-1
2012-02-27,29.63,30.07,29.4,29.99,41964,0.36,0.67,1.2,2.23,0.34,1
2012-02-24,29.49,29.86,29.28,29.83,85103,0.34,0.58,1.14,1.94,0.29,1
2012-02-23,29.22,29.65,29.16,29.65,74017,0.43,0.49,1.45,1.65,0.24,1
2012-02-22,30.03,30.13,29.09,29.12,40427,-0.91,1.04,-3.13,3.57,0.52,-1
2012-02-21,29.8,30.49,29.77,30.05,128908,0.25,0.72,0.83,2.4,0.36,1
2012-02-17,29.84,30.03,29.73,29.88,69209,0.04,0.3,0.13,1.0,0.15,1
2012-02-16,29.37,29.86,29.13,29.77,79362,0.4,0.73,1.34,2.45,0.37,1
2012-02-15,30.1,30.11,29.29,29.31,90880,-0.79,0.82,-2.7,2.8,0.41,-1
2012-02-14,30.13,30.13,29.41,29.97,55487,-0.16,0.72,-0.53,2.4,0.36,-1
2012-02-13,30.27,30.5,29.96,30.21,43227,-0.06,0.54,-0.2,1.79,0.27,1
2012-02-10,29.89,30.08,29.8,29.96,44712,0.07,0.28,0.23,0.93,0.14,-1
2012-02-09,30.35,30.37,30.04,30.2,25244,-0.15,0.33,-0.5,1.09,0.17,-1
2012-02-08,30.28,30.62,30.08,30.29,57961,0.01,0.54,0.03,1.78,0.27,1
2012-02-07,30.2,30.55,30.2,30.27,43170,0.07,0.35,0.23,1.16,0.18,-1
2012-02-06,30.03,30.37,30.02,30.31,51286,0.28,0.35,0.92,1.15,0.18,1
2012-02-03,30.1,30.39,29.89,30.25,120025,0.15,0.5,0.5,1.65,0.25,1
2012-02-02,29.61,29.76,29.55,29.65,58779,0.04,0.21,0.13,0.71,0.11,1
2012-02-01,28.93,29.77,28.82,29.62,91710,0.69,0.95,2.33,3.21,0.47,1
2012-01-31,28.82,28.97,28.4,28.81,52097,-0.01,0.57,-0.03,1.98,0.29,1
2012-01-30,28.53,28.76,28.27,28.61,41930,0.08,0.49,0.28,1.71,0.25,-1
2012-01-27,28.5,28.7,28.47,28.68,47903,0.18,0.23,0.63,0.8,0.12,1
2012-01-26,28.38,28.66,28.26,28.65,43842,0.27,0.4,0.94,1.4,0.2,1
2012-01-25,28.01,28.45,28.01,28.38,52684,0.37,0.44,1.3,1.55,0.22,1
2012-01-24,27.98,28.18,27.97,28.04,80267,0.06,0.21,0.21,0.75,0.11,-1
2012-01-23,28.39,28.42,28.04,28.25,78796,-0.14,0.38,-0.5,1.33,0.19,-1
2012-01-20,28.0,28.61,28.0,28.45,228583,0.45,0.61,1.58,2.14,0.3,1
2012-01-19,28.61,28.86,27.99,28.1,134036,-0.51,0.87,-1.81,3.1,0.44,-1
2012-01-18,28.69,28.93,26.93,28.59,93235,-0.1,2.0,-0.35,7.0,1.0,-1
2012-01-17,29.08,29.2,28.65,28.84,89442,-0.24,0.55,-0.83,1.91,0.28,-1
2012-01-13,28.93,29.17,28.81,28.99,57429,0.06,0.36,0.21,1.24,0.18,-1
2012-01-12,29.52,29.55,29.25,29.4,37746,-0.12,0.3,-0.41,1.02,0.15,1
2012-01-11,29.01,29.42,28.98,29.35,45804,0.34,0.44,1.16,1.5,0.22,1
2012-01-10,28.85,29.31,28.64,29.16,53088,0.31,0.67,1.06,2.3,0.33,1
2012-01-09,28.45,28.6,28.14,28.53,70735,0.08,0.46,0.28,1.61,0.23,1
2012-01-06,28.86,28.91,28.23,28.32,100154,-0.54,0.68,-1.91,2.4,0.34,-1
2012-01-05,28.82,29.0,28.51,28.93,44982,0.11,0.49,0.38,1.69,0.24,-1
2012-01-04,29.06,29.54,28.88,29.04,52436,-0.02,0.65,-0.07,2.26,0.33,-1
2012-01-03,29.52,29.53,29.09,29.23,104338,-0.29,0.44,-0.99,1.51,0.22,1
2011-12-30,28.98,29.2,28.86,28.96,72659,-0.02,0.34,-0.07,1.19,0.17,-1
2011-12-29,29.01,29.15,28.93,29.0,71468,-0.01,0.22,-0.03,0.76,0.11,1
2011-12-28,28.91,29.09,28.85,28.91,51684,0.0,0.24,0.0,0.83,0.12,-1
2011-12-27,29.23,29.4,28.92,29.23,46242,0.0,0.48,0.0,1.64,0.24,-1
2011-12-23,29.1,29.43,28.99,29.35,22352,0.25,0.44,0.85,1.5,0.22,1
2011-12-22,29.06,29.14,28.81,29.0,51107,-0.06,0.33,-0.21,1.14,0.17,1
2011-12-21,28.7,29.02,28.55,28.9,61755,0.2,0.47,0.69,1.63,0.23,1
2011-12-20,28.61,28.72,28.24,28.66,88998,0.05,0.48,0.17,1.67,0.24,1
2011-12-19,28.93,29.27,28.2,28.25,70616,-0.68,1.07,-2.41,3.79,0.54,-1
2011-12-16,28.77,29.06,28.62,28.77,166814,0.0,0.44,0.0,1.53,0.22,1
2011-12-15,28.6,28.89,28.29,28.55,76926,-0.05,0.6,-0.18,2.1,0.3,1
2011-12-14,28.73,29.15,28.18,28.2,145442,-0.53,0.97,-1.88,3.44,0.48,-1
2011-12-13,29.37,29.37,28.84,28.99,106751,-0.38,0.53,-1.31,1.83,0.27,-1
2011-12-12,29.23,29.27,28.94,29.1,66065,-0.13,0.33,-0.45,1.13,0.16,-1
2011-12-09,29.37,31.31,29.16,29.55,98886,0.18,2.15,0.61,7.28,1.07,1
2011-12-08,29.4,29.43,29.15,29.25,107885,-0.15,0.28,-0.51,0.96,0.14,-1
2011-12-07,29.1,29.69,29.08,29.59,132271,0.49,0.61,1.66,2.06,0.31,1
2011-12-06,29.08,29.72,29.08,29.43,224833,0.35,0.64,1.19,2.17,0.32,1
2011-12-05,29.33,29.33,28.86,29.11,142079,-0.22,0.47,-0.76,1.61,0.23,1
2011-12-02,29.32,29.48,28.93,28.98,59918,-0.34,0.55,-1.17,1.9,0.28,-1
2011-12-01,29.23,29.33,28.98,28.99,77661,-0.24,0.35,-0.83,1.21,0.17,-1
2011-11-30,29.09,29.56,28.48,29.3,281972,0.21,1.08,0.72,3.69,0.54,1
2011-11-29,28.22,28.53,28.13,28.21,83413,-0.01,0.4,-0.04,1.42,0.2,-1
2011-11-28,28.53,28.53,27.75,28.31,182570,-0.22,0.78,-0.78,2.76,0.39,1
2011-11-25,28.02,28.41,27.8,27.8,27752,-0.22,0.61,-0.79,2.19,0.3,-1
2011-11-23,28.52,28.64,28.04,28.04,95590,-0.48,0.6,-1.71,2.14,0.3,-1
2011-11-22,28.83,29.05,28.52,28.73,81043,-0.1,0.53,-0.35,1.84,0.27,-1
2011-11-21,29.27,29.69,28.81,28.84,85780,-0.43,0.88,-1.49,3.05,0.44,-1
2011-11-18,29.22,29.79,29.18,29.71,80764,0.49,0.61,1.65,2.05,0.3,1
2011-11-17,29.81,30.06,29.24,29.29,70626,-0.52,0.82,-1.78,2.8,0.41,-1
2011-11-16,29.7,30.38,29.51,29.84,73077,0.14,0.87,0.47,2.92,0.43,-1
2011-11-15,29.88,30.17,29.61,29.97,112525,0.09,0.56,0.3,1.87,0.28,-1
2011-11-14,30.33,30.43,29.77,30.05,126144,-0.28,0.66,-0.93,2.2,0.33,-1
2011-11-11,30.37,30.73,30.27,30.54,191561,0.17,0.46,0.56,1.5,0.23,1
2011-11-10,30.1,30.32,29.94,30.18,152189,0.08,0.38,0.27,1.26,0.19,1
2011-11-09,30.09,30.41,29.38,29.86,117884,-0.23,1.03,-0.77,3.45,0.52,-1
2011-11-08,30.89,31.29,30.7,30.71,131899,-0.18,0.59,-0.59,1.92,0.29,-1
2011-11-07,30.95,31.03,30.12,30.75,215410,-0.2,0.91,-0.65,2.96,0.46,-1
2011-11-04,29.88,31.59,29.85,31.05,282102,1.17,1.74,3.77,5.6,0.87,1
2011-11-03,29.59,30.21,29.39,30.0,79147,0.41,0.82,1.37,2.73,0.41,1
2011-11-02,29.38,29.7,29.28,29.6,144495,0.22,0.42,0.74,1.42,0.21,1
2011-11-01,29.35,29.64,28.67,28.9,92891,-0.45,0.97,-1.56,3.36,0.48,-1
2011-10-31,29.88,30.55,29.88,30.19,75349,0.31,0.67,1.03,2.22,0.34,-1
2011-10-28,30.7,31.14,30.45,30.48,194676,-0.22,0.69,-0.72,2.25,0.34,-1
2011-10-27,31.37,31.37,30.5,30.79,304690,-0.58,0.87,-1.88,2.83,0.44,1
2011-10-26,30.02,30.22,29.7,30.0,115094,-0.02,0.52,-0.07,1.73,0.26,1
2011-10-25,30.36,30.36,29.57,29.64,116995,-0.72,0.79,-2.43,2.67,0.39,-1
2011-10-24,30.52,30.82,30.39,30.51,119402,-0.01,0.43,-0.03,1.41,0.21,1
2011-10-21,30.5,30.63,30.22,30.5,120940,0.0,0.41,0.0,1.34,0.21,1
2011-10-20,29.99,30.31,29.5,29.99,61521,0.0,0.81,0.0,2.7,0.4,1
2011-10-19,30.0,30.82,29.85,29.95,94857,-0.05,0.97,-0.17,3.24,0.48,-1
2011-10-18,29.48,30.2,29.48,30.1,99899,0.62,0.72,2.06,2.39,0.36,1
2011-10-17,29.44,29.76,29.31,29.34,94605,-0.1,0.45,-0.34,1.53,0.23,-1
2011-10-14,29.63,29.77,28.85,29.72,58400,0.09,0.92,0.3,3.1,0.46,1
2011-10-13,29.47,29.61,29.06,29.4,31968,-0.07,0.55,-0.24,1.87,0.28,-1
2011-10-12,29.92,29.93,29.44,29.68,113245,-0.24,0.5,-0.81,1.67,0.25,1
2011-10-11,29.18,29.75,29.18,29.67,53091,0.49,0.57,1.65,1.92,0.29,1
2011-10-10,28.71,29.4,28.71,29.4,83429,0.69,0.69,2.35,2.35,0.34,1
2011-10-07,29.65,29.65,28.31,28.46,77279,-1.19,1.34,-4.18,4.71,0.67,-1
2011-10-06,29.36,29.79,29.18,29.5,84910,0.14,0.61,0.47,2.07,0.3,1
2011-10-05,29.12,29.72,28.72,29.48,68019,0.36,1.0,1.22,3.39,0.5,1
2011-10-04,26.95,29.2,26.95,29.16,210237,2.21,2.25,7.58,7.72,1.12,1
2011-10-03,28.16,28.62,27.04,27.05,167647,-1.11,1.58,-4.1,5.84,0.79,-1
2011-09-30,28.68,29.35,28.34,28.37,127604,-0.31,1.01,-1.09,3.56,0.51,-1
2011-09-29,28.65,29.41,28.27,29.04,130903,0.39,1.14,1.34,3.93,0.57,1
2011-09-28,29.05,29.23,28.07,28.07,108198,-0.98,1.16,-3.49,4.13,0.58,-1
2011-09-27,28.83,29.34,28.54,28.98,121660,0.15,0.8,0.52,2.74,0.4,1
2011-09-26,27.62,28.42,27.41,28.39,94832,0.77,1.01,2.71,3.56,0.51,1
2011-09-23,27.14,27.51,27.14,27.34,204961,0.2,0.37,0.73,1.35,0.19,1
2011-09-22,26.66,27.58,26.66,27.14,446089,0.48,0.92,1.77,3.39,0.46,-1
2011-09-21,27.72,29.23,27.2,27.27,157898,-0.45,2.03,-1.65,7.44,1.02,-1
2011-09-20,27.45,28.07,27.45,27.69,92194,0.24,0.62,0.87,2.24,0.31,1
2011-09-19,27.37,27.73,27.19,27.41,71355,0.04,0.54,0.15,1.97,0.27,-1
2011-09-16,28.19,28.19,27.58,27.78,187917,-0.41,0.61,-1.48,2.2,0.31,-1
2011-09-15,27.39,28.09,27.19,28.01,83248,0.62,0.9,2.21,3.21,0.45,1
2011-09-14,27.02,27.6,26.66,27.22,109589,0.2,0.94,0.73,3.45,0.47,1
2011-09-13,26.1,26.89,25.88,26.8,111271,0.7,1.01,2.61,3.77,0.51,1
2011-09-12,25.91,26.11,25.42,26.06,104703,0.15,0.69,0.58,2.65,0.34,1
2011-09-09,26.08,26.08,25.61,25.89,111912,-0.19,0.47,-0.73,1.82,0.23,-1
2011-09-08,26.37,26.64,26.0,26.33,114775,-0.04,0.64,-0.15,2.43,0.32,-1
2011-09-07,25.83,26.71,25.78,26.47,174160,0.64,0.93,2.42,3.51,0.46,1
2011-09-06,25.3,25.56,24.88,25.46,166702,0.16,0.68,0.63,2.67,0.34,-1
2011-09-02,26.39,26.7,25.64,25.93,105235,-0.46,1.06,-1.77,4.09,0.53,-1
2011-09-01,27.48,27.67,26.78,26.83,75556,-0.65,0.89,-2.42,3.32,0.45,-1
2011-08-31,27.71,27.73,27.31,27.51,94798,-0.2,0.42,-0.73,1.53,0.21,-1
2011-08-30,27.41,27.76,27.03,27.57,79813,0.16,0.72,0.58,2.63,0.36,-1
2011-08-29,26.86,27.83,26.86,27.7,84347,0.84,0.97,3.03,3.49,0.48,1
2011-08-26,26.47,26.91,25.92,26.59,96074,0.12,0.99,0.45,3.72,0.49,-1
2011-08-25,27.93,28.21,26.44,26.66,132735,-1.27,1.77,-4.76,6.64,0.88,-1
2011-08-24,27.56,28.33,27.41,27.78,66445,0.22,0.92,0.79,3.31,0.46,1
2011-08-23,27.53,27.75,26.85,27.57,155593,0.04,0.9,0.15,3.26,0.45,1
2011-08-22,28.46,28.84,27.09,27.45,75843,-1.01,1.75,-3.68,6.38,0.88,-1
2011-08-19,27.64,28.2,27.64,27.79,151655,0.15,0.56,0.54,2.02,0.28,-1
2011-08-18,27.79,28.65,27.45,28.07,192073,0.28,1.2,1.0,4.27,0.6,-1
2011-08-17,27.91,28.39,27.82,28.28,88338,0.37,0.57,1.31,2.01,0.28,1
2011-08-16,27.71,28.07,27.47,27.85,239205,0.14,0.6,0.5,2.15,0.3,-1
2011-08-15,27.91,28.08,27.46,28.02,86284,0.11,0.62,0.39,2.21,0.31,1
2011-08-12,28.73,28.98,27.63,27.8,93286,-0.93,1.35,-3.35,4.86,0.68,-1
2011-08-11,27.7,28.94,27.46,28.64,151334,0.94,1.48,3.28,5.17,0.74,1
2011-08-10,27.92,28.37,27.41,27.51,220798,-0.41,0.96,-1.49,3.49,0.48,-1
2011-08-09,27.25,28.6,25.02,28.53,214520,1.28,3.58,4.49,12.55,1.79,1
2011-08-08,28.01,28.88,26.75,26.76,356029,-1.25,2.13,-4.67,7.96,1.06,-1
2011-08-05,29.25,29.95,27.74,29.08,302140,-0.17,2.21,-0.58,7.61,1.11,1
2011-08-04,29.06,29.45,28.9,28.93,151172,-0.13,0.55,-0.45,1.9,0.28,-1
2011-08-03,29.21,29.52,29.0,29.31,75191,0.1,0.52,0.34,1.77,0.26,1
2011-08-02,29.5,29.86,29.16,29.2,89926,-0.3,0.7,-1.03,2.4,0.35,-1
2011-08-01,29.59,29.77,29.4,29.66,98452,0.07,0.37,0.24,1.25,0.19,1
2011-07-29,29.2,29.51,29.09,29.4,82565,0.2,0.42,0.68,1.43,0.21,-1
2011-07-28,29.48,29.8,29.35,29.41,157827,-0.07,0.45,-0.24,1.53,0.22,1
2011-07-27,29.66,29.71,29.26,29.36,129563,-0.3,0.45,-1.02,1.53,0.22,-1
2011-07-26,29.83,30.18,29.73,29.8,84295,-0.03,0.45,-0.1,1.51,0.22,-1
2011-07-25,29.57,29.99,29.57,29.83,93256,0.26,0.42,0.87,1.41,0.21,-1
2011-07-22,30.12,30.2,29.75,29.84,30167,-0.28,0.45,-0.94,1.51,0.22,-1
2011-07-21,29.83,30.28,29.64,30.12,55501,0.29,0.64,0.96,2.12,0.32,1
2011-07-20,30.0,30.0,29.12,29.72,44972,-0.28,0.88,-0.94,2.96,0.44,-1
2011-07-19,29.67,30.22,29.23,29.97,67419,0.3,0.99,1.0,3.32,0.5,1
2011-07-18,29.64,29.76,29.33,29.55,98250,-0.09,0.43,-0.3,1.46,0.22,-1
2011-07-15,29.69,29.87,29.47,29.75,98483,0.06,0.4,0.2,1.34,0.2,1
2011-07-14,29.86,30.08,29.6,29.67,143960,-0.19,0.48,-0.64,1.62,0.24,-1
2011-07-13,29.9,30.15,29.54,29.88,111829,-0.02,0.61,-0.07,2.04,0.3,1
2011-07-12,29.57,30.1,29.47,29.84,75853,0.27,0.63,0.9,2.11,0.31,1
2011-07-11,29.64,29.95,29.54,29.76,78809,0.12,0.41,0.4,1.38,0.21,-1
2011-07-08,29.98,30.12,29.74,29.94,56033,-0.04,0.38,-0.13,1.27,0.19,-1
2011-07-07,30.21,30.59,30.04,30.32,83876,0.11,0.55,0.36,1.81,0.28,1
2011-07-06,29.74,30.11,29.59,30.11,64927,0.37,0.52,1.23,1.73,0.26,1
2011-07-05,29.89,29.89,29.58,29.82,69942,-0.07,0.31,-0.23,1.04,0.16,-1
2011-07-01,29.79,30.03,29.68,29.93,75574,0.14,0.35,0.47,1.17,0.18,1
2011-06-30,29.43,29.82,29.43,29.72,84570,0.29,0.39,0.98,1.31,0.2,1
2011-06-29,29.27,29.44,29.16,29.39,59467,0.12,0.28,0.41,0.95,0.14,1
2011-06-28,28.95,29.18,28.55,29.18,71090,0.23,0.63,0.79,2.16,0.31,1
2011-06-27,28.44,29.0,28.09,28.95,109917,0.51,0.91,1.76,3.14,0.46,1
2011-06-24,28.72,28.82,28.36,28.4,271200,-0.32,0.46,-1.13,1.62,0.23,-1
2011-06-23,28.79,28.91,28.29,28.67,166716,-0.12,0.62,-0.42,2.16,0.31,-1
2011-06-22,29.18,29.39,28.95,28.99,121793,-0.19,0.44,-0.66,1.52,0.22,-1
2011-06-21,30.17,30.25,29.28,29.38,241317,-0.79,0.97,-2.69,3.3,0.48,-1
2011-06-20,30.06,30.3,29.69,30.01,110206,-0.05,0.61,-0.17,2.03,0.3,-1
2011-06-17,30.39,30.69,30.0,30.16,196749,-0.23,0.69,-0.76,2.29,0.35,-1
2011-06-16,29.83,30.3,29.66,30.18,188502,0.35,0.64,1.16,2.12,0.32,1
2011-06-15,29.9,30.2,29.67,29.89,170284,-0.01,0.53,-0.03,1.77,0.26,-1
2011-06-14,30.24,30.36,29.86,30.16,112635,-0.08,0.5,-0.27,1.66,0.25,1
2011-06-13,29.59,30.26,29.36,30.01,137707,0.42,0.9,1.4,3.0,0.45,1
2011-06-10,29.61,29.84,29.41,29.52,245124,-0.09,0.43,-0.3,1.46,0.21,-1
2011-06-09,29.34,30.03,29.34,29.77,62778,0.43,0.69,1.44,2.32,0.35,-1
2011-06-08,29.75,30.25,29.72,30.0,178172,0.25,0.53,0.83,1.77,0.27,-1
2011-06-07,29.9,30.1,29.73,30.0,114617,0.1,0.37,0.33,1.23,0.19,1
2011-06-06,29.86,29.89,29.38,29.73,122957,-0.13,0.51,-0.44,1.72,0.26,1
2011-06-03,29.18,29.67,29.18,29.6,141127,0.42,0.49,1.42,1.66,0.25,1
2011-06-02,29.58,29.78,29.5,29.59,81458,0.01,0.28,0.03,0.95,0.14,1
2011-06-01,29.55,29.79,29.34,29.57,174160,0.02,0.45,0.07,1.52,0.22,1
2011-05-31,29.38,29.59,29.23,29.55,145531,0.17,0.36,0.58,1.22,0.18,1
2011-05-27,29.0,29.25,28.86,29.2,103438,0.2,0.39,0.68,1.34,0.2,1
2011-05-26,28.82,29.08,28.52,28.94,130168,0.12,0.56,0.41,1.94,0.28,1
2011-05-25,28.71,29.12,28.71,28.92,61633,0.21,0.41,0.73,1.42,0.21,1
2011-05-24,29.55,29.7,28.79,28.79,127381,-0.76,0.91,-2.64,3.16,0.46,-1
2011-05-23,29.67,30.36,29.47,29.5,95545,-0.17,0.89,-0.58,3.03,0.45,-1
2011-05-20,29.69,30.31,29.69,30.04,125703,0.35,0.62,1.17,2.06,0.31,1
2011-05-19,30.04,30.23,29.59,29.86,57164,-0.18,0.64,-0.59,2.14,0.32,-1
2011-05-18,29.69,29.92,29.58,29.89,61037,0.2,0.34,0.67,1.14,0.17,1
2011-05-17,29.82,30.05,29.61,29.65,73166,-0.17,0.44,-0.57,1.48,0.22,-1
2011-05-16,29.93,30.16,29.86,29.96,89615,0.03,0.3,0.1,1.0,0.15,-1
2011-05-13,31.16,31.16,29.84,30.11,127061,-1.05,1.32,-3.49,4.38,0.66,-1
2011-05-12,30.87,31.16,30.36,31.12,138390,0.25,0.8,0.8,2.57,0.4,1
2011-05-11,30.98,31.26,30.63,31.02,178382,0.04,0.63,0.13,2.03,0.32,-1
2011-05-10,30.69,31.16,30.69,31.07,76464,0.38,0.47,1.22,1.51,0.23,1
2011-05-09,30.74,30.8,30.42,30.59,183422,-0.15,0.38,-0.49,1.24,0.19,-1
2011-05-06,30.69,31.25,30.49,30.88,173861,0.19,0.76,0.62,2.46,0.38,1
2011-05-05,30.21,30.78,30.01,30.4,75432,0.19,0.77,0.62,2.53,0.38,1
2011-05-04,30.65,30.75,30.18,30.34,69418,-0.31,0.57,-1.02,1.88,0.29,-1
2011-05-03,31.05,31.23,29.86,30.76,199264,-0.29,1.37,-0.94,4.45,0.69,-1
2011-05-02,31.64,31.77,30.94,30.99,130443,-0.65,0.83,-2.1,2.68,0.41,-1
2011-04-29,32.17,32.21,31.39,31.41,76115,-0.76,0.82,-2.42,2.61,0.41,-1
2011-04-28,31.49,32.1,31.49,32.1,40460,0.61,0.61,1.9,1.9,0.31,1
2011-04-27,31.78,31.85,31.34,31.59,71137,-0.19,0.51,-0.6,1.61,0.25,-1
2011-04-26,31.32,31.81,31.31,31.67,65026,0.35,0.5,1.11,1.58,0.25,1
2011-04-25,31.2,31.39,31.13,31.3,78522,0.1,0.26,0.32,0.83,0.13,-1
2011-04-21,31.36,31.38,31.06,31.34,105133,-0.02,0.32,-0.06,1.02,0.16,1
2011-04-20,31.28,31.52,31.03,31.15,100870,-0.13,0.49,-0.42,1.57,0.24,1
2011-04-19,31.8,31.8,30.89,30.96,167896,-0.84,0.91,-2.71,2.94,0.46,-1
2011-04-18,31.4,31.79,31.21,31.75,116649,0.35,0.58,1.1,1.83,0.29,1
2011-04-15,31.21,31.71,31.21,31.62,124906,0.41,0.5,1.3,1.58,0.25,1
2011-04-14,31.1,31.43,31.01,31.35,76327,0.25,0.42,0.8,1.34,0.21,1
2011-04-13,31.83,32.05,31.1,31.27,205748,-0.56,0.95,-1.79,3.04,0.47,-1
2011-04-12,31.45,31.94,31.45,31.65,64571,0.2,0.49,0.63,1.55,0.25,1
2011-04-11,31.8,32.08,31.6,31.6,56916,-0.2,0.48,-0.63,1.52,0.24,-1
2011-04-08,32.87,33.14,31.83,31.88,84590,-0.99,1.31,-3.11,4.11,0.66,-1
2011-04-07,32.72,32.8,32.31,32.6,92084,-0.12,0.49,-0.37,1.5,0.24,-1
2011-04-06,32.6,32.75,32.57,32.64,48545,0.04,0.18,0.12,0.56,0.09,1
2011-04-05,32.43,32.69,32.32,32.61,133283,0.18,0.37,0.55,1.13,0.18,1
2011-04-04,32.74,32.74,32.44,32.52,68981,-0.22,0.3,-0.68,0.92,0.15,-1
2011-04-01,33.12,33.12,32.35,32.61,108208,-0.51,0.77,-1.56,2.36,0.38,-1
2011-03-31,32.91,33.29,32.8,33.04,379150,0.13,0.48,0.39,1.47,0.24,1
2011-03-30,32.31,32.89,32.18,32.87,96987,0.56,0.71,1.7,2.16,0.36,1
2011-03-29,32.04,32.37,31.94,32.3,44076,0.26,0.43,0.8,1.33,0.21,1
2011-03-28,32.14,32.23,31.93,32.0,73781,-0.14,0.3,-0.44,0.94,0.15,-1
2011-03-25,32.39,32.79,32.02,32.03,89152,-0.36,0.77,-1.12,2.4,0.38,-1
2011-03-24,32.41,32.49,31.99,32.29,79046,-0.12,0.5,-0.37,1.55,0.25,-1
2011-03-23,32.19,32.49,31.87,32.35,91173,0.16,0.62,0.49,1.92,0.31,1
2011-03-22,32.72,32.72,32.28,32.34,81464,-0.38,0.44,-1.18,1.36,0.22,-1
2011-03-21,31.91,32.71,31.62,32.67,195500,0.76,1.09,2.33,3.34,0.54,1
2011-03-18,32.27,32.58,31.39,31.58,220510,-0.69,1.19,-2.18,3.77,0.59,-1
2011-03-17,32.61,32.61,31.91,31.97,79561,-0.64,0.7,-2.0,2.19,0.35,-1
2011-03-16,32.3,32.56,31.85,32.22,378804,-0.08,0.71,-0.25,2.2,0.36,-1
2011-03-15,32.06,32.55,30.24,32.5,168947,0.44,2.31,1.35,7.11,1.15,-1
2011-03-14,33.06,33.25,32.48,33.0,77754,-0.06,0.77,-0.18,2.33,0.39,-1
2011-03-11,33.94,33.99,33.11,33.44,104543,-0.5,0.88,-1.5,2.63,0.44,-1
2011-03-10,34.39,34.57,33.46,33.98,278209,-0.41,1.11,-1.21,3.27,0.55,-1
2011-03-09,35.28,35.41,34.57,35.03,239312,-0.25,0.84,-0.71,2.4,0.42,-1
2011-03-08,34.5,35.47,32.83,35.28,262907,0.78,2.64,2.21,7.48,1.32,1
2011-03-07,35.85,36.24,34.4,34.53,163863,-1.32,1.84,-3.82,5.33,0.92,-1
2011-03-04,36.73,36.73,35.53,35.84,135973,-0.89,1.2,-2.48,3.35,0.6,-1
2011-03-03,37.03,37.42,36.61,36.74,107579,-0.29,0.81,-0.8,2.2,0.41,1
2011-03-02,37.52,37.53,36.66,36.7,77346,-0.82,0.87,-2.23,2.37,0.44,-1
2011-03-01,38.18,38.33,37.54,37.56,180316,-0.62,0.79,-1.65,2.1,0.39,-1
2011-02-28,38.43,38.56,37.96,38.09,87796,-0.34,0.6,-0.89,1.58,0.3,-1
2011-02-25,37.84,38.41,37.46,38.35,75634,0.51,0.95,1.33,2.48,0.47,1
2011-02-24,38.41,38.54,37.63,37.89,109666,-0.52,0.91,-1.37,2.4,0.45,-1
2011-02-23,39.17,39.97,38.34,38.55,253300,-0.62,1.62,-1.61,4.22,0.81,-1
2011-02-22,38.02,39.42,37.98,39.0,191777,0.98,1.44,2.51,3.69,0.72,1
2011-02-18,37.12,39.13,36.66,38.49,266932,1.37,2.47,3.56,6.42,1.24,1
2011-02-17,36.25,36.89,36.11,36.84,170725,0.59,0.78,1.6,2.12,0.39,1
2011-02-16,36.4,36.52,36.02,36.29,90471,-0.11,0.49,-0.3,1.36,0.25,-1
2011-02-15,36.25,36.52,36.25,36.36,72561,0.11,0.27,0.3,0.74,0.14,-1
2011-02-14,36.27,36.44,36.0,36.4,91739,0.13,0.44,0.36,1.21,0.22,-1
2011-02-11,36.02,36.44,35.92,36.4,70043,0.38,0.52,1.04,1.44,0.26,1
2011-02-10,36.07,36.5,35.91,36.16,73254,0.09,0.59,0.25,1.63,0.3,-1
2011-02-09,36.27,36.54,35.98,36.41,54616,0.14,0.56,0.38,1.53,0.28,-1
2011-02-08,36.29,36.55,36.1,36.52,65934,0.23,0.45,0.63,1.23,0.22,1
2011-02-07,35.96,36.51,35.84,36.37,67543,0.41,0.67,1.13,1.84,0.33,1
2011-02-04,36.24,36.34,36.0,36.05,70888,-0.19,0.34,-0.53,0.94,0.17,-1
2011-02-03,36.52,36.63,36.14,36.33,58523,-0.19,0.49,-0.52,1.35,0.25,-1
2011-02-02,36.39,36.65,36.37,36.53,41904,0.14,0.28,0.38,0.77,0.14,-1
2011-02-01,35.82,36.69,35.64,36.56,153948,0.74,1.05,2.02,2.87,0.52,1
2011-01-31,35.76,35.89,35.24,35.62,112230,-0.14,0.65,-0.39,1.82,0.32,-1
2011-01-28,36.61,36.61,35.32,35.64,135456,-0.97,1.29,-2.72,3.62,0.64,-1
2011-01-27,36.78,36.91,36.46,36.69,69881,-0.09,0.45,-0.25,1.23,0.22,-1
2011-01-26,36.85,37.35,36.57,36.89,137836,0.04,0.78,0.11,2.11,0.39,1
2011-01-25,36.22,36.83,36.21,36.78,70732,0.56,0.62,1.52,1.69,0.31,1
2011-01-24,36.08,36.58,36.05,36.43,74586,0.35,0.53,0.96,1.45,0.27,1
2011-01-21,36.35,36.38,35.96,36.14,98683,-0.21,0.42,-0.58,1.16,0.21,-1
2011-01-20,35.69,36.35,35.0,36.18,117136,0.49,1.35,1.35,3.73,0.68,1
2011-01-19,36.42,36.66,35.8,35.88,100879,-0.54,0.86,-1.51,2.4,0.43,-1
2011-01-18,36.45,36.82,36.29,36.54,97288,0.09,0.53,0.25,1.45,0.27,-1
2011-01-14,36.41,36.68,35.93,36.62,87867,0.21,0.75,0.57,2.05,0.38,1
2011-01-13,35.0,37.07,35.0,36.52,106595,1.52,2.07,4.16,5.67,1.04,-1
2011-01-12,36.73,37.02,36.49,36.79,142516,0.06,0.53,0.16,1.44,0.27,1
2011-01-11,36.47,36.69,36.21,36.55,77792,0.08,0.48,0.22,1.31,0.24,1
2011-01-10,35.81,36.54,35.71,36.41,94405,0.6,0.83,1.65,2.28,0.41,1
2011-01-07,36.55,36.7,35.7,36.09,103195,-0.46,1.0,-1.27,2.77,0.5,-1
2011-01-06,37.0,37.07,36.43,36.5,104558,-0.5,0.64,-1.37,1.75,0.32,-1
2011-01-05,37.16,37.38,36.78,36.96,109922,-0.2,0.6,-0.54,1.62,0.3,-1
2011-01-04,38.0,38.16,36.88,37.16,115937,-0.84,1.28,-2.26,3.44,0.64,-1
2011-01-03,37.75,38.04,36.43,37.81,130589,0.06,1.61,0.16,4.26,0.8,1
2010-12-31,37.75,37.98,37.45,37.45,69160,-0.3,0.53,-0.8,1.42,0.27,-1
2010-12-30,37.95,38.06,37.83,37.84,63956,-0.11,0.23,-0.29,0.61,0.12,-1
2010-12-29,38.0,38.06,37.75,37.95,40683,-0.05,0.3,-0.13,0.8,0.15,-1
2010-12-28,38.0,38.22,37.82,38.07,62833,0.07,0.4,0.18,1.05,0.2,-1
2010-12-27,38.04,38.15,38.0,38.09,67383,0.05,0.15,0.13,0.39,0.07,-1
2010-12-23,38.39,38.43,38.07,38.15,57224,-0.24,0.36,-0.64,0.94,0.18,-1
2010-12-22,38.33,38.52,38.24,38.42,78959,0.09,0.28,0.23,0.73,0.14,1
2010-12-21,38.41,38.41,38.14,38.22,64567,-0.19,0.27,-0.5,0.71,0.13,1
2010-12-20,38.26,38.4,38.06,38.14,95269,-0.12,0.34,-0.31,0.89,0.17,-1
2010-12-17,38.85,38.85,38.12,38.15,200411,-0.7,0.73,-1.83,1.91,0.37,-1
2010-12-16,38.57,39.25,38.44,38.96,151027,0.39,0.81,1.0,2.07,0.4,1
2010-12-15,38.7,39.21,38.52,38.6,162010,-0.1,0.69,-0.26,1.79,0.34,-1
2010-12-14,39.41,39.41,38.73,38.87,131730,-0.54,0.68,-1.39,1.75,0.34,-1
2010-12-13,40.0,40.0,39.17,39.19,145005,-0.81,0.83,-2.07,2.12,0.41,-1
2010-12-10,39.66,40.14,39.48,40.04,126201,0.38,0.66,0.95,1.65,0.33,1
2010-12-09,39.7,40.1,39.32,39.79,131985,0.09,0.78,0.23,1.96,0.39,1
2010-12-08,38.86,39.68,38.68,39.55,136765,0.69,1.0,1.74,2.53,0.5,1
2010-12-07,38.85,39.29,38.57,38.7,120185,-0.15,0.72,-0.39,1.86,0.36,1
2010-12-06,37.9,38.71,37.5,38.49,95536,0.59,1.21,1.53,3.14,0.61,1
2010-12-03,37.69,38.19,37.54,38.02,95358,0.33,0.65,0.87,1.71,0.32,1
2010-12-02,37.45,37.96,37.34,37.92,110167,0.47,0.62,1.24,1.64,0.31,1
2010-12-01,37.61,37.9,37.15,37.52,165170,-0.09,0.75,-0.24,2.0,0.38,1
2010-11-30,36.98,37.08,36.54,36.88,190270,-0.1,0.54,-0.27,1.46,0.27,-1
2010-11-29,37.29,37.85,37.29,37.38,125892,0.09,0.56,0.24,1.5,0.28,-1
2010-11-26,37.51,37.99,37.51,37.63,80297,0.12,0.48,0.32,1.28,0.24,-1
2010-11-24,37.07,37.78,36.99,37.78,101711,0.71,0.79,1.88,2.09,0.39,1
2010-11-23,36.99,36.99,36.25,36.6,161926,-0.39,0.74,-1.07,2.02,0.37,-1
2010-11-22,36.6,37.4,36.4,37.0,291426,0.4,1.0,1.08,2.7,0.5,1
2010-11-19,36.01,36.56,35.76,36.32,86975,0.31,0.8,0.85,2.2,0.4,1
2010-11-18,35.46,36.33,35.36,35.98,97836,0.52,0.97,1.45,2.7,0.48,1
2010-11-17,34.95,35.25,34.68,35.08,72992,0.13,0.57,0.37,1.62,0.29,1
2010-11-16,35.34,35.51,34.54,34.8,84634,-0.54,0.97,-1.55,2.79,0.48,-1
2010-11-15,35.61,35.8,35.08,35.63,87135,0.02,0.72,0.06,2.02,0.36,1
2010-11-12,35.08,35.65,34.66,35.38,51029,0.3,0.99,0.85,2.8,0.5,-1
2010-11-11,35.39,35.85,35.31,35.55,28890,0.16,0.54,0.45,1.52,0.27,-1
2010-11-10,35.43,35.86,35.05,35.82,51276,0.39,0.81,1.09,2.26,0.41,1
2010-11-09,35.92,35.95,35.27,35.33,44020,-0.59,0.68,-1.67,1.92,0.34,-1
2010-11-08,36.37,36.37,35.51,35.86,56314,-0.51,0.86,-1.42,2.4,0.43,-1
2010-11-05,36.63,36.63,36.1,36.33,99876,-0.3,0.53,-0.83,1.46,0.27,-1
2010-11-04,35.27,36.5,35.27,36.49,108813,1.22,1.23,3.34,3.37,0.61,1
2010-11-03,35.44,35.56,34.64,34.85,99459,-0.59,0.92,-1.69,2.64,0.46,-1
2010-11-02,34.94,35.32,34.52,35.3,154259,0.36,0.8,1.02,2.27,0.4,1
2010-11-01,34.92,35.38,34.14,34.47,115319,-0.45,1.24,-1.31,3.6,0.62,-1
2010-10-29,35.0,35.01,34.68,34.69,105801,-0.31,0.33,-0.89,0.95,0.16,-1
2010-10-28,35.28,35.32,34.62,34.88,73574,-0.4,0.7,-1.15,2.01,0.35,-1
2010-10-27,35.44,35.48,34.72,34.98,131682,-0.46,0.76,-1.32,2.17,0.38,-1
2010-10-26,35.31,35.86,35.24,35.56,54697,0.25,0.62,0.7,1.74,0.31,-1
2010-10-25,35.95,35.97,35.53,35.61,81807,-0.34,0.44,-0.95,1.24,0.22,-1
2010-10-22,36.14,36.14,35.64,35.74,65588,-0.4,0.5,-1.12,1.4,0.25,-1
2010-10-21,36.0,36.3,35.51,35.99,97317,-0.01,0.79,-0.03,2.2,0.39,1
2010-10-20,35.46,35.95,35.34,35.88,56107,0.42,0.61,1.17,1.7,0.3,1
2010-10-19,35.47,36.07,35.07,35.27,76809,-0.2,1.0,-0.57,2.84,0.5,-1
2010-10-18,35.62,36.04,35.51,36.04,55898,0.42,0.53,1.17,1.47,0.27,1
2010-10-15,35.94,36.0,35.43,35.62,129484,-0.32,0.57,-0.9,1.6,0.29,1
2010-10-14,34.86,35.53,34.86,35.51,84397,0.65,0.67,1.83,1.89,0.34,1
2010-10-13,34.54,35.16,34.39,34.97,117791,0.43,0.77,1.23,2.2,0.38,1
2010-10-12,34.38,34.66,34.07,34.44,85088,0.06,0.59,0.17,1.71,0.29,1
2010-10-11,34.41,34.91,34.37,34.38,97012,-0.03,0.54,-0.09,1.57,0.27,1
2010-10-08,34.29,34.6,34.22,34.36,127592,0.07,0.38,0.2,1.11,0.19,1
2010-10-07,35.11,35.12,33.99,34.2,115444,-0.91,1.13,-2.66,3.3,0.56,-1
2010-10-06,34.75,35.04,34.7,34.79,114493,0.04,0.34,0.11,0.98,0.17,-1
2010-10-05,34.54,35.02,34.09,34.9,124441,0.36,0.93,1.03,2.66,0.46,1
2010-10-04,34.5,34.78,33.77,34.11,96159,-0.39,1.01,-1.14,2.96,0.5,-1
2010-10-01,35.11,35.4,34.41,34.61,96458,-0.5,0.99,-1.44,2.86,0.5,-1
2010-09-30,34.61,35.08,34.49,34.74,136612,0.13,0.59,0.37,1.7,0.29,1
2010-09-29,33.58,34.34,33.58,34.25,111069,0.67,0.76,1.96,2.22,0.38,1
2010-09-28,33.71,33.87,33.31,33.82,130024,0.11,0.56,0.33,1.66,0.28,1
2010-09-27,33.79,33.82,33.37,33.52,82716,-0.27,0.45,-0.81,1.34,0.23,-1
2010-09-24,33.08,33.89,32.91,33.79,156799,0.71,0.98,2.1,2.9,0.49,1
2010-09-23,32.92,33.1,32.55,32.55,118841,-0.37,0.55,-1.14,1.69,0.28,-1
2010-09-22,33.61,34.01,33.13,33.25,105601,-0.36,0.88,-1.08,2.65,0.44,-1
2010-09-21,34.16,34.54,33.84,33.85,140197,-0.31,0.7,-0.92,2.07,0.35,-1
2010-09-20,33.24,34.18,33.02,34.15,188665,0.91,1.16,2.66,3.4,0.58,1
2010-09-17,33.56,34.3,32.94,33.18,191773,-0.38,1.36,-1.15,4.1,0.68,-1
2010-09-16,33.08,33.41,32.93,33.19,74019,0.11,0.48,0.33,1.45,0.24,1
2010-09-15,32.91,33.21,32.64,33.08,133232,0.17,0.57,0.51,1.72,0.29,1
2010-09-14,33.05,33.16,32.89,32.97,103174,-0.08,0.27,-0.24,0.82,0.13,-1
2010-09-13,32.95,33.23,32.44,33.07,234246,0.12,0.79,0.36,2.39,0.39,1
2010-09-10,32.66,32.85,32.32,32.51,114088,-0.15,0.53,-0.46,1.63,0.27,-1
2010-09-09,32.41,32.7,32.21,32.65,128743,0.24,0.49,0.74,1.5,0.25,1
2010-09-08,31.81,32.21,31.72,32.04,197765,0.23,0.49,0.72,1.53,0.25,1
2010-09-07,31.67,32.16,31.45,31.81,150498,0.14,0.71,0.44,2.23,0.35,1
2010-09-03,31.7,31.78,31.35,31.71,165681,0.01,0.43,0.03,1.36,0.21,1
2010-09-02,31.64,31.64,30.98,31.22,105382,-0.42,0.66,-1.35,2.11,0.33,-1
2010-09-01,30.94,31.59,30.86,31.58,204599,0.64,0.73,2.03,2.31,0.37,1
2010-08-31,30.26,30.66,29.56,30.47,167007,0.21,1.1,0.69,3.61,0.55,1
2010-08-30,30.67,30.67,30.0,30.2,114912,-0.47,0.67,-1.56,2.22,0.34,-1
2010-08-27,30.52,30.9,30.0,30.86,169825,0.34,0.9,1.1,2.92,0.45,1
2010-08-26,30.02,30.5,30.02,30.11,104503,0.09,0.48,0.3,1.59,0.24,1
2010-08-25,29.37,30.0,29.27,29.98,134679,0.61,0.73,2.03,2.43,0.37,1
2010-08-24,28.78,29.8,28.78,29.52,183699,0.74,1.02,2.51,3.46,0.51,1
2010-08-23,29.4,29.49,29.2,29.23,110628,-0.17,0.29,-0.58,0.99,0.14,-1
2010-08-20,29.12,29.34,28.82,29.29,126390,0.17,0.52,0.58,1.76,0.26,-1
2010-08-19,30.01,30.01,29.26,29.29,120456,-0.72,0.75,-2.46,2.56,0.38,-1
2010-08-18,29.87,30.37,29.69,30.05,128888,0.18,0.68,0.6,2.26,0.34,1
2010-08-17,29.48,30.45,29.4,29.92,146101,0.44,1.05,1.47,3.51,0.53,1
2010-08-16,28.84,29.54,28.77,29.24,116485,0.4,0.77,1.37,2.63,0.38,1
2010-08-13,29.01,29.29,28.86,28.9,111783,-0.11,0.43,-0.38,1.49,0.21,-1
2010-08-12,28.89,29.29,28.75,29.18,82333,0.29,0.54,0.99,1.85,0.27,-1
2010-08-11,29.93,29.93,29.3,29.38,128925,-0.55,0.63,-1.87,2.14,0.31,-1
2010-08-10,30.72,30.81,30.2,30.27,72642,-0.45,0.61,-1.49,2.02,0.3,-1
2010-08-09,30.78,31.26,30.41,31.16,107841,0.38,0.85,1.22,2.73,0.43,1
2010-08-06,30.4,30.56,29.73,30.52,83245,0.12,0.83,0.39,2.72,0.41,-1
2010-08-05,30.8,31.14,30.66,30.79,40326,-0.01,0.48,-0.03,1.56,0.24,-1
2010-08-04,31.45,31.59,30.89,31.12,73637,-0.33,0.7,-1.06,2.25,0.35,-1
2010-08-03,30.98,32.19,30.54,31.36,104824,0.38,1.65,1.21,5.26,0.82,1
2010-08-02,31.61,31.61,30.7,31.22,86756,-0.39,0.91,-1.25,2.91,0.46,1
2010-07-30,30.94,31.8,30.94,31.14,121380,0.2,0.86,0.64,2.76,0.43,-1
2010-07-29,31.6,31.68,31.14,31.31,78292,-0.29,0.54,-0.93,1.72,0.27,-1
2010-07-28,31.69,31.72,31.29,31.34,78199,-0.35,0.43,-1.12,1.37,0.21,-1
2010-07-27,31.59,32.05,31.16,31.79,88760,0.2,0.89,0.63,2.8,0.44,1
2010-07-26,31.04,31.48,30.92,31.26,114647,0.22,0.56,0.7,1.79,0.28,1
2010-07-23,30.08,31.16,30.08,30.94,79073,0.86,1.08,2.78,3.49,0.54,1
2010-07-22,29.55,30.28,29.51,30.23,104930,0.68,0.77,2.25,2.55,0.38,1
2010-07-21,29.8,30.17,29.04,29.04,71186,-0.76,1.13,-2.62,3.89,0.57,-1
2010-07-20,29.0,29.98,29.0,29.5,81530,0.5,0.98,1.69,3.32,0.49,1
2010-07-19,29.42,29.42,29.0,29.31,62330,-0.11,0.42,-0.38,1.43,0.21,-1
2010-07-16,30.47,30.47,29.31,29.38,159655,-1.09,1.16,-3.71,3.95,0.58,-1
2010-07-15,31.11,31.11,30.4,30.74,75123,-0.37,0.71,-1.2,2.31,0.36,-1
2010-07-14,31.39,31.66,31.06,31.23,52301,-0.16,0.6,-0.51,1.92,0.3,-1
2010-07-13,31.25,31.65,30.98,31.6,77952,0.35,0.67,1.11,2.12,0.33,1
2010-07-12,31.36,31.36,30.74,30.76,42966,-0.6,0.62,-1.96,2.03,0.31,-1
2010-07-09,30.59,31.3,30.59,31.28,56274,0.69,0.71,2.21,2.27,0.36,1
2010-07-08,30.37,30.71,29.72,30.71,79199,0.34,0.99,1.11,3.22,0.5,1
2010-07-07,29.28,30.12,29.25,30.1,116256,0.82,0.87,2.72,2.89,0.44,1
2010-07-06,30.25,30.31,29.02,29.09,127016,-1.16,1.29,-3.99,4.43,0.64,-1
2010-07-02,30.32,30.32,29.65,29.84,80746,-0.48,0.67,-1.61,2.25,0.34,-1
2010-07-01,30.69,30.98,29.91,30.16,106876,-0.53,1.07,-1.76,3.55,0.54,-1
2010-06-30,31.0,31.29,30.57,30.59,128937,-0.41,0.72,-1.34,2.35,0.36,-1
2010-06-29,31.29,31.94,30.92,31.09,136418,-0.2,1.02,-0.64,3.28,0.51,-1
2010-06-28,31.78,32.07,31.68,31.85,72990,0.07,0.39,0.22,1.21,0.19,1
2010-06-25,31.35,31.85,30.99,31.83,294511,0.48,0.86,1.51,2.7,0.43,1
2010-06-24,31.97,32.34,31.24,31.3,127032,-0.67,1.1,-2.14,3.51,0.55,-1
2010-06-23,32.53,32.94,32.22,32.26,87913,-0.27,0.72,-0.84,2.23,0.36,-1
2010-06-22,32.63,33.23,32.54,32.63,110606,0.0,0.69,0.0,2.11,0.34,1
2010-06-21,33.24,33.26,32.5,32.58,131620,-0.66,0.76,-2.03,2.33,0.38,-1
2010-06-18,32.2,33.09,31.84,32.97,383787,0.77,1.25,2.34,3.79,0.63,1
2010-06-17,32.08,32.32,31.77,32.02,81490,-0.06,0.55,-0.19,1.72,0.28,1
2010-06-16,31.06,32.0,30.81,31.96,123481,0.9,1.19,2.82,3.72,0.6,1
2010-06-15,30.38,31.42,30.24,31.34,102636,0.96,1.18,3.06,3.76,0.59,1
2010-06-14,30.59,30.59,29.99,30.04,174145,-0.55,0.6,-1.83,2.0,0.3,-1
2010-06-11,29.53,30.27,29.45,30.27,52253,0.74,0.82,2.44,2.71,0.41,1
2010-06-10,29.77,30.0,29.52,29.91,88381,0.14,0.48,0.47,1.6,0.24,1
2010-06-09,29.6,29.6,29.04,29.25,98758,-0.35,0.56,-1.2,1.91,0.28,-1
2010-06-08,29.32,29.33,28.72,29.28,92353,-0.04,0.61,-0.14,2.08,0.3,1
2010-06-07,29.45,29.61,29.07,29.11,104216,-0.34,0.54,-1.17,1.86,0.27,-1
2010-06-04,29.58,30.06,29.28,29.34,155075,-0.24,0.78,-0.82,2.66,0.39,-1
2010-06-03,29.87,30.26,29.87,30.22,118944,0.35,0.38,1.16,1.27,0.19,1
2010-06-02,29.67,30.12,29.54,30.0,148205,0.33,0.58,1.1,1.93,0.29,1
2010-06-01,29.82,30.11,29.35,29.37,136595,-0.45,0.76,-1.53,2.59,0.38,-1
2010-05-28,30.54,30.55,30.09,30.22,139674,-0.32,0.46,-1.06,1.52,0.23,-1
2010-05-27,30.26,30.63,29.7,30.58,109284,0.32,0.93,1.05,3.04,0.46,1
2010-05-26,29.81,30.19,29.64,29.68,146434,-0.13,0.55,-0.44,1.85,0.28,-1
2010-05-25,29.15,29.76,28.57,29.68,118675,0.53,1.19,1.79,4.01,0.6,-1
2010-05-24,30.35,30.41,29.54,29.77,144005,-0.58,0.87,-1.95,2.92,0.44,-1
2010-05-21,29.73,31.74,29.54,30.53,182975,0.8,2.2,2.62,7.21,1.1,1
2010-05-20,30.83,30.97,30.1,30.15,136129,-0.68,0.87,-2.26,2.89,0.43,-1
2010-05-19,31.39,31.98,31.34,31.5,94933,0.11,0.64,0.35,2.03,0.32,1
2010-05-18,32.26,32.48,31.35,31.39,80544,-0.87,1.13,-2.77,3.6,0.56,-1
2010-05-17,31.9,32.51,31.42,31.86,101632,-0.04,1.09,-0.13,3.42,0.54,1
2010-05-14,31.51,31.71,31.3,31.63,99989,0.12,0.41,0.38,1.3,0.21,-1
2010-05-13,32.13,32.25,31.67,31.76,116572,-0.37,0.58,-1.16,1.83,0.29,-1
2010-05-12,32.07,32.44,31.88,32.32,131215,0.25,0.56,0.77,1.73,0.28,1
2010-05-11,31.74,32.37,31.39,32.09,142335,0.35,0.98,1.09,3.05,0.49,-1
2010-05-10,34.9,34.9,31.46,32.11,160793,-2.79,3.44,-8.69,10.71,1.72,1
2010-05-07,30.82,31.58,30.51,30.6,164486,-0.22,1.07,-0.72,3.5,0.53,-1
2010-05-06,31.78,32.3,30.51,30.82,183400,-0.96,1.79,-3.11,5.81,0.89,-1
2010-05-05,31.93,33.82,31.78,31.8,323483,-0.13,2.04,-0.41,6.42,1.02,-1
2010-05-04,32.75,32.93,31.81,31.81,204737,-0.94,1.12,-2.96,3.52,0.56,-1
2010-05-03,33.24,33.5,32.71,33.0,202258,-0.24,0.79,-0.73,2.39,0.39,1
2010-04-30,34.19,34.19,32.95,32.96,164972,-1.23,1.24,-3.73,3.76,0.62,-1
2010-04-29,33.31,34.18,33.17,34.07,117392,0.76,1.01,2.23,2.96,0.5,1
2010-04-28,32.8,33.53,32.45,33.08,136428,0.28,1.08,0.85,3.27,0.54,1
2010-04-27,33.96,34.7,32.61,32.64,283939,-1.32,2.09,-4.04,6.4,1.05,-1
2010-04-26,35.1,35.35,34.2,34.27,132243,-0.83,1.15,-2.42,3.36,0.57,-1
2010-04-23,34.95,35.3,34.74,35.13,94044,0.18,0.56,0.51,1.59,0.28,1
2010-04-22,34.5,34.97,34.42,34.92,81239,0.42,0.55,1.2,1.58,0.27,1
2010-04-21,34.75,34.84,34.46,34.76,93006,0.01,0.38,0.03,1.09,0.19,1
2010-04-20,33.35,34.76,33.15,34.75,315452,1.4,1.61,4.03,4.63,0.8,1
2010-04-19,33.35,33.49,32.9,33.13,347686,-0.22,0.59,-0.66,1.78,0.3,-1
2010-04-16,33.88,34.1,33.42,33.58,163133,-0.3,0.68,-0.89,2.03,0.34,-1
2010-04-15,34.0,34.0,33.6,33.87,92041,-0.13,0.4,-0.38,1.18,0.2,-1
2010-04-14,33.62,33.99,33.37,33.99,111495,0.37,0.62,1.09,1.82,0.31,1
2010-04-13,33.09,33.45,32.66,33.44,91129,0.35,0.79,1.05,2.36,0.4,1
2010-04-12,33.24,33.44,33.16,33.25,120110,0.01,0.28,0.03,0.83,0.14,-1
2010-04-09,33.31,33.52,33.07,33.38,127010,0.07,0.45,0.21,1.35,0.23,1
2010-04-08,33.24,33.35,32.13,33.32,144847,0.08,1.22,0.24,3.65,0.61,1
2010-04-07,33.1,33.46,32.85,33.25,122430,0.15,0.61,0.45,1.83,0.3,-1
2010-04-06,33.2,33.53,33.2,33.32,78273,0.12,0.33,0.36,0.99,0.16,1
2010-04-05,32.93,33.34,32.74,33.2,124241,0.27,0.6,0.81,1.81,0.3,1
2010-04-01,32.78,32.85,32.49,32.72,55616,-0.06,0.36,-0.18,1.1,0.18,1
2010-03-31,32.47,33.08,32.4,32.59,92982,0.12,0.69,0.37,2.1,0.34,-1
2010-03-30,32.4,32.98,32.4,32.68,123234,0.28,0.58,0.86,1.77,0.29,1
2010-03-29,32.1,32.42,32.06,32.4,70267,0.3,0.36,0.93,1.11,0.18,1
2010-03-26,31.7,32.18,31.7,31.93,91494,0.23,0.48,0.72,1.5,0.24,1
2010-03-25,32.15,32.29,31.72,31.75,92505,-0.4,0.57,-1.26,1.8,0.29,-1
2010-03-24,32.09,32.26,31.87,31.95,111524,-0.14,0.39,-0.44,1.22,0.19,-1
2010-03-23,32.39,32.49,31.87,32.12,156270,-0.27,0.62,-0.84,1.94,0.31,-1
2010-03-22,32.53,32.68,32.2,32.48,171112,-0.05,0.48,-0.15,1.48,0.24,-1
2010-03-19,32.36,32.74,32.25,32.73,369521,0.37,0.49,1.13,1.5,0.25,1
2010-03-18,32.21,32.5,31.88,32.3,145848,0.09,0.62,0.28,1.92,0.31,1
2010-03-17,31.38,32.22,31.38,32.1,344204,0.72,0.84,2.24,2.62,0.42,1
2010-03-16,30.61,31.26,30.49,31.26,463620,0.65,0.77,2.08,2.46,0.39,1
2010-03-15,30.39,30.7,30.39,30.6,194471,0.21,0.31,0.69,1.01,0.15,1
2010-03-12,30.31,30.6,30.31,30.53,237577,0.22,0.29,0.72,0.95,0.15,1
2010-03-11,29.96,30.34,29.96,30.05,205452,0.09,0.38,0.3,1.26,0.19,1
2010-03-10,29.62,30.01,29.59,29.98,198686,0.36,0.42,1.2,1.39,0.21,1
2010-03-09,29.45,29.88,29.45,29.64,183051,0.19,0.43,0.64,1.45,0.21,-1
2010-03-08,29.35,29.77,29.3,29.69,141229,0.34,0.47,1.15,1.58,0.23,1
2010-03-05,29.12,29.57,28.5,29.45,163327,0.33,1.07,1.12,3.63,0.54,1
2010-03-04,28.85,29.13,28.77,29.07,200572,0.22,0.36,0.76,1.24,0.18,1
2010-03-03,28.67,28.67,28.35,28.65,241354,-0.02,0.32,-0.07,1.12,0.16,1
2010-03-02,28.13,28.54,27.75,28.54,220879,0.41,0.79,1.44,2.77,0.39,1
2010-03-01,27.9,28.08,27.73,28.01,131221,0.11,0.35,0.39,1.25,0.17,1
2010-02-26,28.29,28.29,27.83,27.83,161771,-0.46,0.46,-1.65,1.66,0.23,-1
2010-02-25,28.07,28.3,27.94,28.14,164434,0.07,0.36,0.25,1.28,0.18,-1
2010-02-24,28.25,28.55,28.25,28.49,223487,0.24,0.3,0.84,1.05,0.15,1
2010-02-23,29.06,29.07,28.24,28.25,241119,-0.81,0.83,-2.87,2.94,0.42,-1
2010-02-22,28.64,29.27,28.64,29.06,204573,0.42,0.63,1.45,2.17,0.31,1
2010-02-19,29.39,29.39,28.37,28.48,480929,-0.91,1.02,-3.2,3.58,0.51,1
2010-02-18,27.03,27.5,26.93,27.37,100135,0.34,0.57,1.24,2.08,0.29,1
2010-02-17,27.16,27.77,26.77,27.21,95528,0.05,1.0,0.18,3.68,0.5,1
2010-02-16,26.62,27.0,26.29,26.96,83424,0.34,0.71,1.28,2.63,0.36,1
2010-02-12,25.96,26.51,25.6,26.5,144788,0.54,0.91,2.04,3.43,0.46,1
2010-02-11,26.0,26.13,25.64,26.12,102155,0.12,0.49,0.46,1.88,0.24,1
2010-02-10,25.74,26.21,25.6,26.01,125757,0.27,0.61,1.04,2.35,0.3,1
2010-02-09,25.95,26.49,25.61,25.9,93199,-0.05,0.88,-0.19,3.4,0.44,1
2010-02-08,25.84,25.92,25.59,25.59,83413,-0.25,0.33,-0.98,1.29,0.17,-1
2010-02-05,25.98,26.13,25.66,25.85,177105,-0.13,0.47,-0.5,1.82,0.23,-1
2010-02-04,26.07,26.36,25.9,25.98,160083,-0.09,0.46,-0.35,1.79,0.23,-1
2010-02-03,26.3,26.42,26.01,26.18,111591,-0.12,0.41,-0.46,1.57,0.21,-1
2010-02-02,26.67,26.87,26.3,26.34,184130,-0.33,0.57,-1.25,2.16,0.29,-1
2010-02-01,26.76,26.86,26.3,26.73,118435,-0.03,0.56,-0.11,2.1,0.28,-1
2010-01-29,26.76,27.05,26.58,26.74,88874,-0.02,0.47,-0.07,1.76,0.24,-1
2010-01-28,26.99,26.99,26.42,26.74,141998,-0.25,0.57,-0.93,2.13,0.28,-1
2010-01-27,26.06,26.87,26.0,26.86,329105,0.8,0.87,2.98,3.24,0.44,1
2010-01-26,26.26,26.72,26.12,26.13,187314,-0.13,0.6,-0.5,2.3,0.3,-1
2010-01-25,26.62,26.76,26.3,26.32,110610,-0.3,0.46,-1.14,1.75,0.23,-1
2010-01-22,26.61,26.77,26.26,26.43,216674,-0.18,0.51,-0.68,1.93,0.25,-1
2010-01-21,27.23,27.33,26.54,26.7,213409,-0.53,0.79,-1.99,2.96,0.39,-1
2010-01-20,27.13,27.2,26.75,27.11,355492,-0.02,0.45,-0.07,1.66,0.22,-1
2010-01-19,27.14,27.41,26.86,27.4,172580,0.26,0.55,0.95,2.01,0.28,1
2010-01-15,27.26,27.26,26.35,27.06,455498,-0.2,0.91,-0.74,3.36,0.46,-1
2010-01-14,27.4,27.46,27.15,27.18,192742,-0.22,0.31,-0.81,1.14,0.16,-1
2010-01-13,27.6,27.6,27.25,27.42,132284,-0.18,0.35,-0.66,1.28,0.18,-1
2010-01-12,27.35,27.68,27.21,27.42,298824,0.07,0.47,0.26,1.71,0.23,-1
2010-01-11,27.79,27.79,27.29,27.61,143231,-0.18,0.5,-0.65,1.81,0.25,-1
2010-01-08,27.73,27.82,27.61,27.72,140105,-0.01,0.21,-0.04,0.76,0.11,-1
2010-01-07,27.71,27.84,27.15,27.8,226434,0.09,0.69,0.32,2.49,0.35,1
2010-01-06,28.77,29.2,27.45,27.65,480090,-1.12,1.75,-4.05,6.33,0.88,-1
2010-01-05,29.7,29.84,29.21,29.24,98950,-0.46,0.63,-1.57,2.15,0.31,-1
2010-01-04,29.5,29.84,29.14,29.83,117525,0.33,0.7,1.11,2.35,0.35,1
2009-12-31,29.5,29.5,28.98,29.14,187252,-0.36,0.52,-1.24,1.78,0.26,-1
2009-12-30,29.19,29.56,29.08,29.47,78573,0.28,0.48,0.95,1.63,0.24,1
2009-12-29,29.27,29.52,29.09,29.34,42221,0.07,0.43,0.24,1.47,0.21,1
2009-12-28,29.43,29.43,29.0,29.27,53418,-0.16,0.43,-0.55,1.47,0.21,-1
2009-12-24,29.33,29.39,29.16,29.31,18174,-0.02,0.23,-0.07,0.78,0.12,1
2009-12-23,29.13,29.28,29.04,29.2,63218,0.07,0.24,0.24,0.82,0.12,1
2009-12-22,29.29,29.42,28.96,29.06,80235,-0.23,0.46,-0.79,1.57,0.23,-1
2009-12-21,29.8,29.8,29.11,29.29,95606,-0.51,0.69,-1.74,2.36,0.35,-1
2009-12-18,29.5,29.5,28.87,29.29,302884,-0.21,0.63,-0.72,2.15,0.31,1
2009-12-17,29.35,29.57,28.8,29.16,173427,-0.19,0.77,-0.65,2.64,0.38,-1
2009-12-16,29.66,29.75,29.35,29.38,234746,-0.28,0.4,-0.95,1.36,0.2,-1
2009-12-15,29.19,29.52,28.8,29.38,206315,0.19,0.72,0.65,2.45,0.36,1
2009-12-14,29.0,29.17,28.51,29.17,103773,0.17,0.66,0.58,2.26,0.33,1
2009-12-11,28.44,28.92,28.25,28.92,118413,0.48,0.67,1.66,2.32,0.34,1
2009-12-10,28.98,29.0,28.24,28.25,266741,-0.73,0.76,-2.58,2.69,0.38,-1
2009-12-09,28.89,28.97,28.53,28.95,120007,0.06,0.44,0.21,1.52,0.22,1
2009-12-08,28.5,28.91,28.4,28.84,208643,0.34,0.51,1.18,1.77,0.26,1
2009-12-07,28.91,29.12,28.55,28.66,98109,-0.25,0.57,-0.87,1.99,0.29,-1
2009-12-04,29.16,29.16,28.4,28.92,170232,-0.24,0.76,-0.83,2.63,0.38,1
2009-12-03,29.27,29.27,28.54,28.55,153412,-0.72,0.73,-2.52,2.56,0.37,-1
2009-12-02,29.45,29.5,28.81,29.13,196973,-0.32,0.69,-1.1,2.37,0.35,-1
2009-12-01,29.5,29.63,29.0,29.34,336294,-0.16,0.63,-0.55,2.15,0.31,1
2009-11-30,29.67,29.67,28.47,29.17,293896,-0.5,1.2,-1.71,4.11,0.6,-1
2009-11-27,30.2,30.56,29.78,29.78,66076,-0.42,0.78,-1.41,2.62,0.39,-1
2009-11-25,30.93,31.21,30.7,30.74,57477,-0.19,0.51,-0.62,1.66,0.26,-1
2009-11-24,31.07,31.57,30.6,30.89,88250,-0.18,0.97,-0.58,3.14,0.48,-1
2009-11-23,31.31,31.4,30.55,31.11,69825,-0.2,0.85,-0.64,2.73,0.42,1
2009-11-20,30.5,30.92,30.46,30.9,87630,0.4,0.46,1.29,1.49,0.23,1
2009-11-19,30.94,31.14,30.48,30.65,112505,-0.29,0.66,-0.95,2.17,0.33,-1
2009-11-18,31.58,31.82,31.09,31.26,104197,-0.32,0.73,-1.02,2.34,0.37,-1
2009-11-17,31.79,31.9,31.43,31.67,76832,-0.12,0.47,-0.38,1.48,0.23,-1
2009-11-16,31.52,31.86,30.94,31.84,146625,0.32,0.92,1.01,2.89,0.46,1
2009-11-13,31.36,31.39,30.78,31.19,92700,-0.17,0.61,-0.55,1.96,0.3,-1
2009-11-12,31.62,31.83,31.21,31.21,128522,-0.41,0.62,-1.31,1.99,0.31,-1
2009-11-11,32.28,32.28,31.75,31.76,100879,-0.52,0.53,-1.64,1.67,0.27,-1
2009-11-10,31.87,32.28,31.75,31.9,90153,0.03,0.53,0.09,1.66,0.27,-1
2009-11-09,32.05,32.14,31.76,32.13,154942,0.08,0.38,0.25,1.18,0.19,1
2009-11-06,32.26,32.57,31.79,31.95,171468,-0.31,0.78,-0.97,2.44,0.39,-1
2009-11-05,32.46,32.77,31.55,32.6,169623,0.14,1.22,0.43,3.74,0.61,1
2009-11-04,33.42,33.42,32.09,32.14,241367,-1.28,1.33,-3.98,4.14,0.66,-1
2009-11-03,32.48,34.37,31.11,33.42,323700,0.94,3.26,2.81,9.75,1.63,-1
2009-11-02,34.06,34.38,33.5,34.38,153448,0.32,0.88,0.93,2.56,0.44,1
2009-10-30,34.43,34.71,33.48,33.96,230930,-0.47,1.23,-1.38,3.62,0.62,-1
2009-10-29,34.82,35.0,34.18,34.79,121539,-0.03,0.82,-0.09,2.36,0.41,1
2009-10-28,35.14,35.52,34.43,34.48,147909,-0.66,1.09,-1.91,3.16,0.55,-1
2009-10-27,35.19,35.68,35.13,35.3,121579,0.11,0.55,0.31,1.56,0.27,1
2009-10-26,34.99,35.55,34.75,35.18,208113,0.19,0.8,0.54,2.27,0.4,1
2009-10-23,35.19,35.73,34.58,34.8,156778,-0.39,1.15,-1.12,3.3,0.57,-1
2009-10-22,35.34,35.34,33.99,35.19,171885,-0.15,1.35,-0.43,3.84,0.68,1
2009-10-21,35.45,35.98,34.74,34.84,99768,-0.61,1.24,-1.75,3.56,0.62,-1
2009-10-20,35.89,36.14,35.33,35.43,89490,-0.46,0.81,-1.3,2.29,0.41,-1
2009-10-19,36.0,36.33,35.78,36.17,67691,0.17,0.55,0.47,1.52,0.27,1
2009-10-16,35.67,35.99,35.4,35.78,97062,0.11,0.59,0.31,1.65,0.3,-1
2009-10-15,35.95,36.04,35.84,35.98,65192,0.03,0.2,0.08,0.56,0.1,-1
2009-10-14,36.04,36.19,35.69,36.03,101640,-0.01,0.5,-0.03,1.39,0.25,1
2009-10-13,35.98,36.21,35.54,35.7,132536,-0.28,0.67,-0.78,1.88,0.34,-1
2009-10-12,34.98,36.0,34.98,35.91,162709,0.93,1.02,2.59,2.84,0.51,1
2009-10-09,34.38,35.14,34.38,35.13,103935,0.75,0.76,2.13,2.16,0.38,1
2009-10-08,34.51,34.57,33.83,34.41,248871,-0.1,0.74,-0.29,2.15,0.37,1
2009-10-07,34.32,34.53,34.01,34.17,173112,-0.15,0.52,-0.44,1.52,0.26,-1
2009-10-06,34.0,34.35,33.65,34.35,176739,0.35,0.7,1.02,2.04,0.35,1
2009-10-05,33.95,33.95,33.46,33.89,197462,-0.06,0.49,-0.18,1.45,0.25,1
2009-10-02,33.3,33.95,33.3,33.7,145054,0.4,0.65,1.19,1.93,0.33,1
2009-10-01,33.61,33.83,33.34,33.65,237136,0.04,0.49,0.12,1.46,0.24,-1
2009-09-30,34.2,34.2,33.39,33.68,119129,-0.52,0.81,-1.54,2.4,0.41,-1
2009-09-29,34.05,34.29,33.69,34.08,105228,0.03,0.6,0.09,1.76,0.3,1
2009-09-28,33.5,33.96,33.48,33.92,348594,0.42,0.48,1.24,1.42,0.24,1
2009-09-25,33.42,34.02,33.39,33.47,135426,0.05,0.63,0.15,1.88,0.31,-1
2009-09-24,34.05,34.05,33.48,33.56,141937,-0.49,0.57,-1.46,1.7,0.29,-1
2009-09-23,34.62,34.62,33.8,33.81,123129,-0.81,0.82,-2.4,2.43,0.41,-1
2009-09-22,35.01,35.19,34.41,34.48,80077,-0.53,0.78,-1.54,2.26,0.39,-1
2009-09-21,34.81,35.1,34.8,34.8,110258,-0.01,0.3,-0.03,0.86,0.15,-1
2009-09-18,35.97,35.97,35.22,35.23,187468,-0.74,0.75,-2.1,2.13,0.38,-1
2009-09-17,36.3,36.66,35.84,35.94,130049,-0.36,0.82,-1.0,2.28,0.41,-1
2009-09-16,36.0,36.47,35.73,36.37,76728,0.37,0.74,1.02,2.03,0.37,1
2009-09-15,35.75,36.11,34.21,36.0,67538,0.25,1.9,0.69,5.28,0.95,1
2009-09-14,35.26,36.0,35.26,35.92,198009,0.66,0.74,1.84,2.06,0.37,1
2009-09-11,35.93,35.99,35.56,35.61,81090,-0.32,0.43,-0.9,1.21,0.21,-1
2009-09-10,35.39,35.87,35.24,35.78,74605,0.39,0.63,1.09,1.76,0.31,1
2009-09-09,35.33,35.65,35.13,35.6,71940,0.27,0.52,0.76,1.46,0.26,1
2009-09-08,35.13,35.55,34.95,35.45,102513,0.32,0.6,0.9,1.69,0.3,1
2009-09-04,35.11,35.34,34.58,35.34,82708,0.23,0.76,0.65,2.15,0.38,1
2009-09-03,34.6,35.1,34.2,35.08,101858,0.48,0.9,1.37,2.57,0.45,1
2009-09-02,34.7,35.07,33.5,34.82,162446,0.12,1.57,0.34,4.51,0.79,1
2009-09-01,35.06,35.52,34.66,34.74,117255,-0.32,0.86,-0.92,2.48,0.43,-1
2009-08-31,35.15,35.55,35.15,35.32,106197,0.17,0.4,0.48,1.13,0.2,-1
2009-08-28,35.76,35.8,35.19,35.53,70318,-0.23,0.61,-0.65,1.72,0.3,-1
2009-08-27,35.7,35.7,35.23,35.65,104537,-0.05,0.47,-0.14,1.32,0.24,-1
2009-08-26,35.52,35.7,35.22,35.65,95439,0.13,0.48,0.36,1.33,0.24,-1
2009-08-25,35.87,35.95,35.22,35.66,95060,-0.21,0.73,-0.59,2.05,0.37,-1
2009-08-24,35.88,35.98,35.53,35.76,71815,-0.12,0.45,-0.34,1.26,0.22,1
2009-08-21,35.72,35.8,34.9,35.7,183635,-0.02,0.9,-0.06,2.52,0.45,1
2009-08-20,35.04,35.39,34.87,35.38,106299,0.34,0.52,0.96,1.47,0.26,1
2009-08-19,34.47,35.07,34.47,35.06,77523,0.59,0.6,1.68,1.71,0.3,1
2009-08-18,35.21,35.85,34.59,34.94,59463,-0.27,1.26,-0.77,3.61,0.63,1
2009-08-17,34.69,35.27,34.1,34.92,85727,0.23,1.17,0.66,3.35,0.59,-1
2009-08-14,35.69,35.76,35.0,35.36,78466,-0.33,0.76,-0.93,2.15,0.38,-1
2009-08-13,35.68,35.9,34.92,35.63,113872,-0.05,0.98,-0.14,2.75,0.49,1
2009-08-12,35.08,35.64,35.07,35.41,191714,0.33,0.57,0.93,1.61,0.29,1
2009-08-11,35.41,35.69,34.92,34.98,217386,-0.43,0.77,-1.23,2.2,0.38,-1
2009-08-10,35.38,35.87,35.38,35.66,203351,0.28,0.49,0.79,1.37,0.24,1
2009-08-07,35.38,35.95,35.38,35.62,166959,0.24,0.57,0.67,1.6,0.29,1
2009-08-06,35.73,35.99,35.29,35.58,190767,-0.15,0.7,-0.42,1.97,0.35,1
2009-08-05,35.93,35.99,35.14,35.47,146724,-0.46,0.85,-1.3,2.4,0.43,-1
2009-08-04,34.6,36.0,34.6,35.8,192977,1.2,1.4,3.35,3.91,0.7,1
2009-08-03,34.0,34.72,33.63,34.56,245304,0.56,1.09,1.62,3.15,0.54,1
2009-07-31,33.45,34.84,33.45,33.6,234910,0.15,1.39,0.45,4.14,0.7,-1
2009-07-30,33.46,34.12,32.79,33.67,245223,0.21,1.33,0.62,3.95,0.66,1
2009-07-29,33.27,34.03,33.09,33.16,227544,-0.11,0.94,-0.33,2.83,0.47,-1
2009-07-28,33.45,33.82,33.24,33.48,281534,0.03,0.58,0.09,1.73,0.29,-1
2009-07-27,33.05,33.9,32.75,33.62,208145,0.57,1.15,1.7,3.42,0.57,1
2009-07-24,32.52,33.18,32.18,33.11,136449,0.59,1.0,1.78,3.02,0.5,1
2009-07-23,31.51,32.86,31.32,32.78,170465,1.27,1.54,3.87,4.7,0.77,1
2009-07-22,29.01,32.34,27.71,31.8,316939,2.79,4.63,8.77,14.56,2.32,-1
2009-07-21,32.55,32.64,32.02,32.11,95388,-0.44,0.62,-1.37,1.93,0.31,-1
2009-07-20,32.18,32.57,31.54,32.29,94288,0.11,1.03,0.34,3.19,0.52,1
2009-07-17,32.05,32.42,31.4,31.92,95531,-0.13,1.02,-0.41,3.2,0.51,-1
2009-07-16,31.48,32.31,31.22,32.08,98966,0.6,1.09,1.87,3.4,0.55,1
2009-07-15,31.39,31.81,31.0,31.74,176661,0.35,0.81,1.1,2.54,0.4,1
2009-07-14,31.3,31.61,30.93,30.96,108704,-0.34,0.68,-1.1,2.19,0.34,-1
2009-07-13,30.38,31.25,29.4,31.22,191239,0.84,1.85,2.69,5.93,0.93,1
2009-07-10,30.28,30.28,28.93,29.96,181514,-0.32,1.35,-1.07,4.51,0.68,1
2009-07-09,29.3,29.6,29.0,29.44,177534,0.14,0.6,0.48,2.04,0.3,1
2009-07-08,28.69,29.29,28.61,29.03,290273,0.34,0.68,1.17,2.34,0.34,1
2009-07-07,28.32,28.65,28.1,28.48,160626,0.16,0.55,0.56,1.93,0.27,1
2009-07-06,27.91,28.52,27.7,28.22,87595,0.31,0.82,1.1,2.91,0.41,1
2009-07-02,28.51,28.51,27.79,27.94,110472,-0.57,0.72,-2.04,2.58,0.36,-1
2009-07-01,27.43,29.09,27.41,29.0,97431,1.57,1.68,5.41,5.79,0.84,1
2009-06-30,28.53,28.53,27.8,28.22,115937,-0.31,0.73,-1.1,2.59,0.37,-1
2009-06-29,28.06,28.46,27.61,28.43,160379,0.37,0.85,1.3,2.99,0.43,1
2009-06-26,27.37,28.4,27.26,28.17,754937,0.8,1.14,2.84,4.05,0.57,1
2009-06-25,27.17,27.61,26.66,27.61,119008,0.44,0.95,1.59,3.44,0.47,1
2009-06-24,27.35,27.4,27.08,27.3,94449,-0.05,0.32,-0.18,1.17,0.16,1
2009-06-23,27.17,27.17,26.7,27.04,137832,-0.13,0.47,-0.48,1.74,0.24,1
2009-06-22,27.43,27.43,26.71,26.89,211443,-0.54,0.72,-2.01,2.68,0.36,-1
2009-06-19,27.13,27.83,27.0,27.71,294470,0.58,0.83,2.09,3.0,0.41,1
2009-06-18,28.21,28.24,26.64,26.8,390468,-1.41,1.6,-5.26,5.97,0.8,-1
2009-06-17,28.37,28.71,28.23,28.27,109232,-0.1,0.48,-0.35,1.7,0.24,-1
2009-06-16,28.81,29.17,28.39,28.44,104354,-0.37,0.78,-1.3,2.74,0.39,-1
2009-06-15,28.55,29.0,28.2,28.53,101757,-0.02,0.8,-0.07,2.8,0.4,-1
2009-06-12,28.94,29.23,28.53,29.11,70010,0.17,0.7,0.58,2.4,0.35,-1
2009-06-11,29.27,29.59,28.21,29.26,138588,-0.01,1.38,-0.03,4.72,0.69,-1
2009-06-10,29.92,30.04,29.11,29.34,133716,-0.58,0.93,-1.98,3.17,0.46,-1
2009-06-09,30.2,30.2,29.73,29.76,119026,-0.44,0.47,-1.48,1.58,0.23,-1
2009-06-08,29.97,30.45,29.75,30.16,207202,0.19,0.7,0.63,2.32,0.35,1
2009-06-05,30.48,30.48,29.72,30.05,116645,-0.43,0.76,-1.43,2.53,0.38,-1
2009-06-04,30.42,30.42,29.18,30.17,194831,-0.25,1.24,-0.83,4.11,0.62,1
2009-06-03,29.76,30.15,29.65,30.15,170204,0.39,0.5,1.29,1.66,0.25,1
2009-06-02,28.47,30.17,28.47,29.92,338519,1.45,1.7,4.85,5.68,0.85,1
2009-06-01,28.87,29.99,28.4,28.69,617943,-0.18,1.59,-0.63,5.54,0.8,1
2009-05-29,27.72,28.06,27.27,28.05,358652,0.33,0.79,1.18,2.82,0.39,1
2009-05-28,28.43,28.43,27.3,27.55,218651,-0.88,1.13,-3.19,4.1,0.56,-1
2009-05-27,29.12,29.91,28.09,28.12,144764,-1.0,1.82,-3.56,6.47,0.91,-1
2009-05-26,27.78,29.34,27.78,29.34,186925,1.56,1.56,5.32,5.32,0.78,1
2009-05-22,28.49,28.74,27.97,28.12,69864,-0.37,0.77,-1.32,2.74,0.38,-1
2009-05-21,28.63,29.1,27.98,28.4,150218,-0.23,1.12,-0.81,3.94,0.56,-1
2009-05-20,29.81,29.96,28.88,28.91,116439,-0.9,1.08,-3.11,3.74,0.54,-1
2009-05-19,30.08,30.4,29.53,29.6,244318,-0.48,0.87,-1.62,2.94,0.43,-1
2009-05-18,30.33,30.37,29.7,30.27,232066,-0.06,0.67,-0.2,2.21,0.34,1
2009-05-15,30.21,30.6,29.7,29.88,255062,-0.33,0.9,-1.1,3.01,0.45,-1
2009-05-14,29.71,30.59,28.9,30.32,274367,0.61,1.69,2.01,5.57,0.85,1
2009-05-13,29.04,29.8,28.7,29.5,265564,0.46,1.1,1.56,3.73,0.55,-1
2009-05-12,29.29,30.02,28.85,29.61,190026,0.32,1.17,1.08,3.95,0.58,1
2009-05-11,29.53,29.87,28.9,29.01,234189,-0.52,0.97,-1.79,3.34,0.49,-1
2009-05-08,28.56,30.38,27.74,30.33,297656,1.77,2.64,5.84,8.7,1.32,1
2009-05-07,28.5,29.12,28.0,28.02,185937,-0.48,1.12,-1.71,4.0,0.56,-1
2009-05-06,27.42,28.26,26.94,28.19,249764,0.77,1.32,2.73,4.68,0.66,1
2009-05-05,27.16,28.11,26.04,26.43,244593,-0.73,2.07,-2.76,7.83,1.04,-1
2009-05-04,27.33,27.47,26.29,27.45,263940,0.12,1.18,0.44,4.3,0.59,1
2009-05-01,28.0,28.0,26.83,26.98,206056,-1.02,1.17,-3.78,4.32,0.58,-1
2009-04-30,28.62,29.17,27.94,27.99,285369,-0.63,1.23,-2.25,4.39,0.62,-1
2009-04-29,28.78,28.79,28.04,28.45,199197,-0.33,0.75,-1.16,2.63,0.37,1
2009-04-28,27.28,29.02,27.28,28.44,171090,1.16,1.74,4.08,6.12,0.87,1
2009-04-27,27.28,28.04,27.28,27.48,204283,0.2,0.76,0.73,2.77,0.38,-1
2009-04-24,28.34,28.53,27.41,27.77,230622,-0.57,1.12,-2.05,4.03,0.56,-1
2009-04-23,28.01,28.34,27.4,28.13,205803,0.12,0.94,0.43,3.34,0.47,1
2009-04-22,28.14,28.82,27.81,27.9,230600,-0.24,1.01,-0.86,3.62,0.51,-1
2009-04-21,27.41,28.71,27.31,28.7,231268,1.29,1.4,4.49,4.88,0.7,1
2009-04-20,28.39,29.42,27.42,27.44,248877,-0.95,2.0,-3.46,7.29,1.0,-1
2009-04-17,29.81,29.91,28.9,29.21,312582,-0.6,1.01,-2.05,3.45,0.5,-1
2009-04-16,29.84,30.12,28.87,29.71,138608,-0.13,1.25,-0.44,4.21,0.62,1
2009-04-15,28.58,29.62,28.39,29.48,163068,0.9,1.23,3.05,4.17,0.62,1
2009-04-14,31.08,31.1,28.66,28.71,283457,-2.37,2.44,-8.25,8.5,1.22,-1
2009-04-13,31.13,31.89,30.93,31.66,105370,0.53,0.96,1.67,3.03,0.48,-1
2009-04-09,31.2,31.79,29.99,31.7,197577,0.5,1.8,1.58,5.68,0.9,1
2009-04-08,29.85,30.66,29.74,30.58,111515,0.73,0.92,2.39,3.01,0.46,1
2009-04-07,30.28,30.53,29.54,29.55,134369,-0.73,0.99,-2.47,3.35,0.5,-1
2009-04-06,31.24,31.44,30.26,30.64,172248,-0.6,1.18,-1.96,3.85,0.59,-1
2009-04-03,31.3,31.78,30.68,31.77,122972,0.47,1.1,1.48,3.46,0.55,1
2009-04-02,30.95,31.6,30.31,31.47,186444,0.52,1.29,1.65,4.1,0.65,1
2009-04-01,29.6,30.66,29.41,30.37,160937,0.77,1.25,2.54,4.12,0.62,1
2009-03-31,29.16,30.4,29.03,30.13,193144,0.97,1.37,3.22,4.55,0.68,1
2009-03-30,29.5,29.57,28.75,28.77,191669,-0.73,0.82,-2.54,2.85,0.41,-1
2009-03-27,29.69,30.47,29.47,29.96,274874,0.27,1.0,0.9,3.34,0.5,-1
2009-03-26,29.71,30.28,28.68,30.2,234052,0.49,1.6,1.62,5.28,0.8,1
2009-03-25,28.96,29.52,27.77,29.41,267178,0.45,1.75,1.53,5.95,0.88,1
2009-03-24,29.35,30.18,28.61,28.7,186233,-0.65,1.57,-2.26,5.47,0.79,-1
2009-03-23,28.6,29.72,27.98,29.72,355056,1.12,1.74,3.77,5.85,0.87,1
2009-03-20,26.76,27.94,26.6,27.66,518784,0.9,1.34,3.25,4.84,0.67,1
2009-03-19,27.15,27.4,26.1,26.47,413757,-0.68,1.3,-2.57,4.91,0.65,-1
2009-03-18,27.71,28.51,25.72,26.84,502164,-0.87,2.79,-3.24,10.39,1.39,-1
2009-03-17,28.27,28.33,27.15,27.76,327304,-0.51,1.18,-1.84,4.25,0.59,-1
2009-03-16,28.51,29.56,28.33,28.37,151460,-0.14,1.23,-0.49,4.34,0.62,1
2009-03-13,28.69,28.98,27.76,28.14,234320,-0.55,1.22,-1.95,4.34,0.61,-1
2009-03-12,26.44,28.81,25.81,28.62,100577,2.18,3.0,7.62,10.48,1.5,1
2009-03-11,26.76,27.69,26.27,26.62,68570,-0.14,1.42,-0.53,5.33,0.71,-1
2009-03-10,26.1,26.8,26.06,26.66,106113,0.56,0.74,2.1,2.78,0.37,1
2009-03-09,25.9,26.01,25.33,25.37,97184,-0.53,0.68,-2.09,2.68,0.34,-1
2009-03-06,25.82,26.21,25.39,26.11,94229,0.29,0.82,1.11,3.14,0.41,1
2009-03-05,26.08,26.21,25.52,25.58,143468,-0.5,0.69,-1.95,2.7,0.35,-1
2009-03-04,27.24,27.49,25.86,26.69,209090,-0.55,1.63,-2.06,6.11,0.81,-1
2009-03-03,28.7,28.7,26.55,26.93,229569,-1.77,2.15,-6.57,7.98,1.07,-1
2009-03-02,27.83,28.75,27.26,28.27,137686,0.44,1.49,1.56,5.27,0.74,-1
2009-02-27,27.83,28.78,27.15,28.33,107120,0.5,1.63,1.76,5.75,0.82,1
2009-02-26,28.4,29.0,27.97,28.2,98049,-0.2,1.03,-0.71,3.65,0.52,1
2009-02-25,28.99,29.09,27.46,28.09,106564,-0.9,1.63,-3.2,5.8,0.81,-1
2009-02-24,28.81,29.33,27.89,29.25,207981,0.44,1.44,1.5,4.92,0.72,1
2009-02-23,30.27,30.36,28.27,28.38,149195,-1.89,2.09,-6.66,7.36,1.04,-1
2009-02-20,29.8,30.5,29.51,30.09,112868,0.29,0.99,0.96,3.29,0.49,-1
2009-02-19,30.73,31.27,30.17,30.32,80393,-0.41,1.1,-1.35,3.63,0.55,-1
2009-02-18,30.49,31.08,29.92,30.41,97089,-0.08,1.16,-0.26,3.81,0.58,1
2009-02-17,29.73,31.19,29.73,30.32,125251,0.59,1.46,1.95,4.82,0.73,-1
2009-02-13,30.07,32.92,30.07,31.16,282337,1.09,2.85,3.5,9.15,1.43,1
2009-02-12,28.68,29.8,28.58,29.68,152813,1.0,1.22,3.37,4.11,0.61,1
2009-02-11,28.72,29.38,28.65,29.06,87092,0.34,0.73,1.17,2.51,0.37,1
2009-02-10,30.34,30.64,28.39,28.49,141124,-1.85,2.25,-6.49,7.9,1.12,-1
2009-02-09,29.86,30.64,29.86,30.45,208879,0.59,0.78,1.94,2.56,0.39,1
2009-02-06,29.41,30.03,29.26,29.9,156361,0.49,0.77,1.64,2.58,0.38,1
2009-02-05,29.89,30.37,29.16,29.53,265712,-0.36,1.21,-1.22,4.1,0.61,-1
2009-02-04,31.29,31.37,29.78,30.03,149809,-1.26,1.59,-4.2,5.29,0.8,-1
2009-02-03,31.16,31.48,30.54,31.19,128084,0.03,0.94,0.1,3.01,0.47,1
2009-02-02,30.83,31.65,30.45,30.9,138035,0.07,1.2,0.23,3.88,0.6,-1
2009-01-30,31.64,31.64,30.62,31.11,113236,-0.53,1.02,-1.7,3.28,0.51,-1
2009-01-29,32.67,32.79,31.33,31.4,67345,-1.27,1.46,-4.04,4.65,0.73,-1
2009-01-28,31.97,33.17,31.96,32.98,91178,1.01,1.21,3.06,3.67,0.61,1
2009-01-27,31.47,31.94,31.03,31.53,75189,0.06,0.91,0.19,2.89,0.46,1
2009-01-26,30.97,31.69,30.78,31.45,98060,0.48,0.91,1.53,2.89,0.46,1
2009-01-23,30.7,31.61,30.44,30.83,65619,0.13,1.17,0.42,3.8,0.58,-1
2009-01-22,31.83,32.16,30.53,31.27,67473,-0.56,1.63,-1.79,5.21,0.81,-1
2009-01-21,31.51,32.65,31.15,32.52,129433,1.01,1.5,3.11,4.61,0.75,1
2009-01-20,32.99,33.22,31.14,31.15,137755,-1.84,2.08,-5.91,6.68,1.04,-1
2009-01-16,33.6,33.75,32.27,33.37,106838,-0.23,1.48,-0.69,4.44,0.74,1
2009-01-15,33.24,33.75,32.11,33.25,141004,0.01,1.64,0.03,4.93,0.82,-1
2009-01-14,33.85,34.25,32.79,33.26,149063,-0.59,1.46,-1.77,4.39,0.73,-1
2009-01-13,33.9,34.96,33.9,34.73,104061,0.83,1.06,2.39,3.05,0.53,1
2009-01-12,34.03,34.75,33.91,34.17,208346,0.14,0.84,0.41,2.46,0.42,-1
2009-01-09,34.9,35.08,33.98,34.19,130672,-0.71,1.1,-2.08,3.22,0.55,-1
2009-01-08,34.11,35.13,34.11,35.0,88759,0.89,1.02,2.54,2.91,0.51,1
2009-01-07,34.55,35.42,33.97,34.34,104244,-0.21,1.45,-0.61,4.22,0.73,-1
2009-01-06,34.78,35.51,33.9,35.3,267570,0.52,1.61,1.47,4.55,0.8,1
2009-01-05,34.04,34.4,33.37,34.29,121298,0.25,1.03,0.73,3.0,0.52,1
2009-01-02,34.03,34.24,33.69,33.96,152811,-0.07,0.55,-0.21,1.62,0.28,1
2008-12-31,33.94,34.22,33.65,33.92,304768,-0.02,0.57,-0.06,1.68,0.29,1
2008-12-30,33.42,33.82,33.07,33.8,206237,0.38,0.75,1.12,2.22,0.38,1
2008-12-29,32.98,33.09,32.36,33.08,118463,0.1,0.73,0.3,2.21,0.37,1
2008-12-26,32.79,33.03,32.43,33.0,29765,0.21,0.6,0.64,1.82,0.3,1
2008-12-24,33.11,33.45,32.12,32.65,24004,-0.46,1.33,-1.41,4.07,0.67,-1
2008-12-23,33.25,33.25,32.39,32.94,358868,-0.31,0.86,-0.94,2.6,0.43,1
2008-12-22,33.06,33.9,32.08,32.84,223800,-0.22,1.82,-0.67,5.54,0.91,-1
2008-12-19,33.3,33.97,32.85,33.1,356266,-0.2,1.12,-0.6,3.37,0.56,1
2008-12-18,32.74,33.11,32.52,32.79,212530,0.05,0.59,0.15,1.8,0.29,1
2008-12-17,31.98,33.15,31.98,32.7,188910,0.72,1.17,2.2,3.58,0.58,1
2008-12-16,32.4,32.71,31.54,32.49,293518,0.09,1.17,0.28,3.6,0.59,1
2008-12-15,32.14,32.14,31.07,31.65,161664,-0.49,1.07,-1.55,3.38,0.54,-1
2008-12-12,31.24,32.03,31.08,32.03,195822,0.79,0.95,2.47,2.97,0.48,1
2008-12-11,31.48,32.3,31.48,31.95,177778,0.47,0.82,1.47,2.57,0.41,-1
2008-12-10,32.73,33.29,31.49,32.0,101821,-0.73,1.8,-2.28,5.63,0.9,-1
2008-12-09,32.76,33.52,32.05,32.3,202246,-0.46,1.47,-1.42,4.55,0.74,-1
2008-12-08,33.38,33.59,31.53,33.25,188377,-0.13,2.06,-0.39,6.2,1.03,1
2008-12-05,32.28,33.48,31.34,32.4,284649,0.12,2.14,0.37,6.6,1.07,-1
2008-12-04,31.52,33.54,31.52,32.98,141444,1.46,2.02,4.43,6.12,1.01,1
2008-12-03,29.92,32.76,29.5,32.18,152703,2.26,3.26,7.02,10.13,1.63,1
2008-12-02,29.84,31.0,29.31,30.89,108293,1.05,1.69,3.4,5.47,0.85,1
2008-12-01,31.0,31.63,28.96,29.07,208938,-1.93,2.67,-6.64,9.18,1.33,-1
2008-11-28,29.91,31.84,29.72,31.64,62012,1.73,2.12,5.47,6.7,1.06,1
2008-11-26,27.6,30.22,27.01,30.21,174650,2.61,3.21,8.64,10.63,1.6,1
2008-11-25,30.07,30.07,28.06,28.37,257520,-1.7,2.01,-5.99,7.08,1.01,-1
2008-11-24,28.47,30.39,26.73,29.55,132359,1.08,3.66,3.65,12.39,1.83,1
2008-11-21,26.49,28.06,24.35,27.78,201947,1.29,3.71,4.64,13.35,1.85,1
2008-11-20,28.07,29.57,25.63,25.84,138816,-2.23,3.94,-8.63,15.25,1.97,-1
2008-11-19,30.24,30.51,28.12,28.14,173723,-2.1,2.39,-7.46,8.49,1.2,-1
2008-11-18,30.8,32.02,29.46,30.66,95979,-0.14,2.56,-0.46,8.35,1.28,-1
2008-11-17,29.99,31.94,29.91,30.66,74214,0.67,2.03,2.19,6.62,1.02,1
2008-11-14,32.86,33.8,27.44,30.0,285903,-2.86,6.36,-9.53,21.2,3.18,-1
2008-11-13,30.17,34.03,29.09,33.45,118484,3.28,4.94,9.81,14.77,2.47,1
2008-11-12,31.64,32.86,29.77,29.84,91014,-1.8,3.09,-6.03,10.36,1.54,-1
2008-11-11,31.45,33.55,31.45,31.97,116975,0.52,2.1,1.63,6.57,1.05,-1
2008-11-10,32.75,33.27,31.31,32.04,113640,-0.71,1.96,-2.22,6.12,0.98,-1
2008-11-07,32.4,33.31,32.03,32.87,76160,0.47,1.28,1.43,3.89,0.64,1
2008-11-06,32.1,33.53,32.07,32.07,98248,-0.03,1.46,-0.09,4.57,0.73,-1
2008-11-05,32.1,33.17,32.05,32.1,145635,0.0,1.12,0.0,3.49,0.56,-1
2008-11-04,31.23,32.79,30.01,32.25,87251,1.02,2.78,3.16,8.62,1.39,1
2008-11-03,30.81,32.46,30.54,32.2,76866,1.39,1.92,4.32,5.96,0.96,1
2008-10-31,30.4,32.98,29.08,31.9,147322,1.5,3.9,4.7,12.23,1.95,1
2008-10-30,29.99,30.83,28.24,30.78,167912,0.79,2.59,2.57,8.41,1.3,1
2008-10-29,29.58,30.99,28.2,29.08,175354,-0.5,2.79,-1.72,9.59,1.39,-1
2008-10-28,28.51,29.88,26.87,29.8,135184,1.29,3.01,4.33,10.1,1.5,1
2008-10-27,27.84,28.82,26.09,27.57,124437,-0.27,2.73,-0.98,9.9,1.37,-1
2008-10-24,25.15,29.21,24.53,28.1,114102,2.95,4.68,10.5,16.65,2.34,1
2008-10-23,28.17,28.4,26.31,27.72,121115,-0.45,2.09,-1.62,7.54,1.04,-1
2008-10-22,27.3,29.3,27.25,28.01,111978,0.71,2.05,2.53,7.32,1.02,-1
2008-10-21,27.53,28.88,27.51,28.19,107259,0.66,1.37,2.34,4.86,0.68,1
2008-10-20,28.04,29.27,27.03,28.16,72589,0.12,2.24,0.43,7.95,1.12,1
2008-10-17,27.95,29.9,26.71,27.75,145873,-0.2,3.2,-0.72,11.51,1.6,-1
2008-10-16,27.74,28.95,24.83,28.79,128418,1.05,4.12,3.65,14.31,2.06,1
2008-10-15,28.49,30.42,27.17,27.46,92066,-1.03,3.25,-3.75,11.84,1.62,-1
2008-10-14,31.61,31.61,26.72,29.52,140714,-2.09,4.89,-7.08,16.58,2.45,-1
2008-10-13,29.75,29.98,27.23,29.6,163937,-0.15,2.75,-0.51,9.29,1.38,1
2008-10-10,26.05,28.19,24.61,27.35,272173,1.3,3.58,4.75,13.09,1.79,1
2008-10-09,29.99,29.99,26.73,27.0,256572,-2.99,3.26,-11.07,12.07,1.63,-1
2008-10-08,31.01,31.01,28.77,29.42,230651,-1.59,2.24,-5.4,7.61,1.12,-1
2008-10-07,35.72,36.3,31.25,32.28,106038,-3.44,5.05,-10.66,15.64,2.52,-1
2008-10-06,34.93,36.62,32.79,35.65,102391,0.72,3.83,2.02,10.74,1.91,-1
2008-10-03,37.78,37.78,35.64,35.67,74875,-2.11,2.14,-5.92,6.0,1.07,1
2008-10-02,36.52,37.73,35.08,35.21,64162,-1.31,2.65,-3.72,7.53,1.32,-1
2008-10-01,36.11,39.14,36.11,37.31,120824,1.2,3.03,3.22,8.12,1.52,1
2008-09-30,33.0,37.69,33.0,36.85,105475,3.85,4.69,10.45,12.73,2.34,1
2008-09-29,36.57,37.5,32.68,32.68,85894,-3.89,4.82,-11.9,14.75,2.41,-1
2008-09-26,37.19,38.49,36.5,37.25,63094,0.06,1.99,0.16,5.34,1.0,-1
2008-09-25,37.28,40.0,37.28,37.86,166230,0.58,2.72,1.53,7.18,1.36,1
2008-09-24,38.44,39.99,37.27,37.34,121503,-1.1,2.72,-2.95,7.28,1.36,-1
2008-09-23,40.01,40.87,38.36,38.82,122409,-1.19,2.51,-3.07,6.47,1.25,-1
2008-09-22,41.0,43.08,39.38,39.38,71046,-1.62,3.7,-4.11,9.4,1.85,-1
2008-09-19,42.9,43.15,36.69,41.44,494221,-1.46,6.46,-3.52,15.59,3.23,1
2008-09-18,36.39,41.67,34.52,40.23,350252,3.84,7.15,9.55,17.77,3.57,1
2008-09-17,36.26,37.45,35.2,35.65,131490,-0.61,2.25,-1.71,6.31,1.12,-1
2008-09-16,33.65,39.76,33.65,37.49,127782,3.84,6.12,10.24,16.31,3.06,1
2008-09-15,35.19,37.0,34.26,34.4,76960,-0.79,2.74,-2.3,7.97,1.37,-1
2008-09-12,36.06,36.65,35.89,35.97,69074,-0.09,0.76,-0.25,2.11,0.38,-1
2008-09-11,36.25,36.67,35.78,36.61,123567,0.36,0.89,0.98,2.43,0.45,1
2008-09-10,37.67,37.83,36.52,36.59,165675,-1.08,1.31,-2.95,3.58,0.65,-1
2008-09-09,38.53,39.0,37.37,37.42,114298,-1.11,1.63,-2.97,4.36,0.82,-1
2008-09-08,37.27,38.49,37.27,38.21,103404,0.94,1.22,2.46,3.19,0.61,1
2008-09-05,37.39,37.8,36.85,37.23,98169,-0.16,0.95,-0.43,2.55,0.47,-1
2008-09-04,37.27,38.01,37.27,37.82,127633,0.55,0.74,1.45,1.96,0.37,1
2008-09-03,37.29,38.0,37.29,37.72,133762,0.43,0.71,1.14,1.88,0.36,1
2008-09-02,37.9,38.4,36.83,37.53,72435,-0.37,1.57,-0.99,4.18,0.79,-1
2008-08-29,36.89,37.76,36.75,37.59,75065,0.7,1.01,1.86,2.69,0.5,1
2008-08-28,36.91,37.24,36.24,37.24,66749,0.33,1.0,0.89,2.69,0.5,1
2008-08-27,36.37,37.1,36.04,36.92,84772,0.55,1.06,1.49,2.87,0.53,1
2008-08-26,36.45,36.84,35.95,36.46,78467,0.01,0.89,0.03,2.44,0.45,-1
2008-08-25,36.97,36.97,35.98,36.59,59923,-0.38,0.99,-1.04,2.71,0.5,-1
2008-08-22,36.62,37.4,36.32,37.25,84534,0.63,1.08,1.69,2.9,0.54,1
2008-08-21,36.12,36.9,35.66,36.17,53493,0.05,1.24,0.14,3.43,0.62,-1
2008-08-20,37.28,37.57,36.07,36.47,80765,-0.81,1.5,-2.22,4.11,0.75,-1
2008-08-19,37.61,37.61,36.35,37.18,106663,-0.43,1.26,-1.16,3.39,0.63,-1
2008-08-18,38.13,38.9,37.07,37.56,93887,-0.57,1.83,-1.52,4.87,0.91,-1
2008-08-15,38.89,38.89,37.31,38.14,170446,-0.75,1.58,-1.97,4.14,0.79,-1
2008-08-14,37.57,38.9,37.14,38.3,99134,0.73,1.76,1.91,4.6,0.88,1
2008-08-13,36.78,37.97,36.66,37.58,154911,0.8,1.31,2.13,3.49,0.66,1
2008-08-12,36.59,37.56,36.41,37.28,78659,0.69,1.15,1.85,3.08,0.58,1
2008-08-11,36.43,37.61,36.24,36.79,129538,0.36,1.37,0.98,3.72,0.68,1
2008-08-08,36.1,36.52,35.05,36.41,235797,0.31,1.47,0.85,4.04,0.74,1
2008-08-07,35.35,36.61,35.26,36.05,175411,0.7,1.35,1.94,3.74,0.68,1
2008-08-06,34.91,36.09,34.03,35.83,116937,0.92,2.06,2.57,5.75,1.03,1
2008-08-05,34.69,35.01,33.34,34.92,92577,0.23,1.67,0.66,4.78,0.83,1
2008-08-04,34.55,34.75,33.64,34.2,106534,-0.35,1.11,-1.02,3.25,0.55,-1
2008-08-01,34.05,34.89,33.51,34.63,66614,0.58,1.38,1.67,3.98,0.69,1
2008-07-31,33.61,34.18,33.2,34.04,118963,0.43,0.98,1.26,2.88,0.49,-1
2008-07-30,34.0,34.44,33.04,34.08,88727,0.08,1.4,0.23,4.11,0.7,1
2008-07-29,32.94,34.14,32.76,33.8,97501,0.86,1.38,2.54,4.08,0.69,1
2008-07-28,34.12,34.15,32.13,32.88,147541,-1.24,2.02,-3.77,6.14,1.01,-1
2008-07-25,34.86,34.95,34.12,34.29,73982,-0.57,0.83,-1.66,2.42,0.42,-1
2008-07-24,34.08,34.95,34.08,34.47,111893,0.39,0.87,1.13,2.52,0.44,1
2008-07-23,34.42,34.59,33.56,33.92,60662,-0.5,1.03,-1.47,3.04,0.52,-1
2008-07-22,32.89,34.46,32.78,34.46,149666,1.57,1.68,4.56,4.88,0.84,1
2008-07-21,33.9,33.9,32.67,32.99,57117,-0.91,1.23,-2.76,3.73,0.61,-1
2008-07-18,34.27,34.53,33.35,33.91,147808,-0.36,1.18,-1.06,3.48,0.59,-1
2008-07-17,34.17,34.57,33.57,34.29,102646,0.12,1.0,0.35,2.92,0.5,1
2008-07-16,33.23,34.35,32.1,34.1,125648,0.87,2.25,2.55,6.6,1.12,1
2008-07-15,32.84,33.64,32.79,33.03,96048,0.19,0.85,0.58,2.57,0.43,-1
2008-07-14,33.76,33.8,32.82,33.23,66989,-0.53,0.98,-1.59,2.95,0.49,-1
2008-07-11,33.76,33.81,32.8,33.46,156194,-0.3,1.01,-0.9,3.02,0.51,-1
2008-07-10,33.78,34.45,33.75,33.93,114706,0.15,0.7,0.44,2.06,0.35,1
2008-07-09,35.27,35.27,33.89,33.92,104449,-1.35,1.38,-3.98,4.07,0.69,-1
2008-07-08,34.64,35.45,34.5,35.19,143729,0.55,0.95,1.56,2.7,0.48,1
2008-07-07,34.75,35.07,34.4,34.51,130953,-0.24,0.67,-0.7,1.94,0.34,1
2008-07-03,34.57,34.76,34.05,34.5,99123,-0.07,0.71,-0.2,2.06,0.36,-1
2008-07-02,34.0,34.61,33.98,34.56,192302,0.56,0.63,1.62,1.82,0.32,1
2008-07-01,33.54,34.33,33.54,34.1,136877,0.56,0.79,1.64,2.32,0.39,1
2008-06-30,33.61,34.12,33.26,33.56,152066,-0.05,0.86,-0.15,2.56,0.43,1
2008-06-27,34.72,34.8,33.5,33.53,535051,-1.19,1.3,-3.55,3.88,0.65,-1
2008-06-26,35.94,36.18,34.67,34.8,81643,-1.14,1.51,-3.28,4.34,0.75,-1
2008-06-25,36.3,36.92,35.92,36.31,121489,0.01,1.0,0.03,2.75,0.5,1
2008-06-24,36.66,37.23,35.94,36.21,117390,-0.45,1.29,-1.24,3.56,0.64,-1
2008-06-23,38.35,38.6,36.88,36.98,55487,-1.37,1.72,-3.7,4.65,0.86,-1
2008-06-20,37.93,38.4,37.18,38.04,220229,0.11,1.22,0.29,3.21,0.61,-1
2008-06-19,37.2,38.56,36.96,38.56,108412,1.36,1.6,3.53,4.15,0.8,1
2008-06-18,37.16,37.47,36.7,37.2,61102,0.04,0.77,0.11,2.07,0.38,-1
2008-06-17,37.96,37.96,37.19,37.38,65810,-0.58,0.77,-1.55,2.06,0.39,-1
2008-06-16,38.01,38.28,37.82,37.99,77864,-0.02,0.46,-0.05,1.21,0.23,-1
2008-06-13,38.43,38.96,37.88,38.08,85835,-0.35,1.09,-0.92,2.85,0.54,-1
2008-06-12,38.16,38.9,37.96,38.1,82197,-0.06,0.94,-0.16,2.47,0.47,1
2008-06-11,38.48,38.75,37.91,37.91,84135,-0.57,0.84,-1.5,2.22,0.42,-1
2008-06-10,37.97,38.84,37.6,38.63,113997,0.66,1.24,1.71,3.21,0.62,1
2008-06-09,38.91,38.91,37.66,38.28,99744,-0.63,1.25,-1.65,3.27,0.62,-1
2008-06-06,39.26,39.68,38.81,38.95,199116,-0.31,0.87,-0.8,2.23,0.43,-1
2008-06-05,39.0,39.57,38.82,39.56,142656,0.56,0.75,1.42,1.9,0.38,1
2008-06-04,38.27,39.01,38.24,38.97,150393,0.7,0.77,1.8,1.99,0.39,1
2008-06-03,38.46,38.56,37.99,38.5,115961,0.04,0.57,0.1,1.48,0.29,1
2008-06-02,38.46,38.61,37.77,38.29,66095,-0.17,0.84,-0.44,2.19,0.42,-1
2008-05-30,38.47,38.68,37.96,38.59,147848,0.12,0.72,0.31,1.87,0.36,1
2008-05-29,37.67,38.75,37.44,38.36,115513,0.69,1.31,1.8,3.42,0.66,1
2008-05-28,38.2,38.49,37.56,37.81,63893,-0.39,0.93,-1.03,2.46,0.46,-1
2008-05-27,37.9,38.74,37.82,37.9,70261,0.0,0.92,0.0,2.43,0.46,1
2008-05-23,37.56,38.04,37.32,37.8,64356,0.24,0.72,0.63,1.9,0.36,-1
2008-05-22,37.99,38.68,37.43,38.11,100790,0.12,1.25,0.31,3.28,0.62,1
2008-05-21,37.96,38.38,37.63,38.02,71095,0.06,0.75,0.16,1.97,0.38,1
2008-05-20,37.44,37.87,36.96,37.79,64415,0.35,0.91,0.93,2.41,0.45,1
2008-05-19,37.52,38.31,37.44,37.53,108726,0.01,0.87,0.03,2.32,0.44,-1
2008-05-16,38.6,38.6,37.35,37.61,97179,-0.99,1.25,-2.63,3.32,0.62,-1
2008-05-15,38.1,38.65,37.39,38.39,102966,0.29,1.26,0.76,3.28,0.63,1
2008-05-14,37.39,38.5,37.39,38.18,96146,0.79,1.11,2.07,2.91,0.55,-1
2008-05-13,38.29,38.42,37.76,38.26,86044,-0.03,0.66,-0.08,1.73,0.33,1
2008-05-12,37.95,38.62,37.63,38.2,66544,0.25,0.99,0.65,2.59,0.49,1
2008-05-09,36.7,37.95,36.5,37.84,73748,1.14,1.45,3.01,3.83,0.73,1
2008-05-08,37.75,38.38,37.43,37.43,72142,-0.32,0.95,-0.85,2.54,0.48,1
2008-05-07,38.2,38.27,36.94,37.1,109543,-1.1,1.33,-2.96,3.58,0.66,-1
2008-05-06,36.57,38.35,35.8,37.78,345461,1.21,2.55,3.2,6.75,1.28,1
2008-05-05,36.54,36.54,34.48,35.45,111734,-1.09,2.06,-3.07,5.81,1.03,-1
2008-05-02,36.5,36.5,35.67,36.15,109699,-0.35,0.83,-0.97,2.3,0.41,-1
2008-05-01,35.73,36.5,35.73,36.18,71763,0.45,0.77,1.24,2.13,0.39,1
2008-04-30,35.84,36.16,35.54,35.82,154388,-0.02,0.62,-0.06,1.73,0.31,1
2008-04-29,35.7,35.89,35.09,35.72,79146,0.02,0.8,0.06,2.24,0.4,-1
2008-04-28,35.05,35.89,34.45,35.83,220508,0.78,1.44,2.18,4.02,0.72,1
2008-04-25,35.01,35.48,34.66,35.16,55580,0.15,0.82,0.43,2.33,0.41,1
2008-04-24,34.35,35.15,34.0,35.01,98537,0.66,1.15,1.89,3.28,0.57,1
2008-04-23,34.44,34.44,34.0,34.26,83451,-0.18,0.44,-0.53,1.28,0.22,-1
2008-04-22,34.2,34.38,33.34,34.29,123678,0.09,1.04,0.26,3.03,0.52,-1
2008-04-21,34.47,34.61,33.94,34.43,69339,-0.04,0.67,-0.12,1.95,0.34,-1
2008-04-18,35.0,35.45,34.45,34.63,74226,-0.37,1.0,-1.07,2.89,0.5,1
2008-04-17,35.06,35.13,33.61,34.49,73368,-0.57,1.52,-1.65,4.41,0.76,-1
2008-04-16,35.01,35.51,34.2,35.15,208870,0.14,1.31,0.4,3.73,0.65,1
2008-04-15,34.12,34.79,33.46,34.7,172302,0.58,1.33,1.67,3.83,0.66,1
2008-04-14,33.97,34.37,33.67,33.9,183751,-0.07,0.7,-0.21,2.06,0.35,-1
2008-04-11,34.34,35.08,33.82,34.05,182590,-0.29,1.26,-0.85,3.7,0.63,-1
2008-04-10,34.91,34.97,34.36,34.6,133547,-0.31,0.61,-0.9,1.76,0.3,-1
2008-04-09,35.27,35.99,34.65,34.85,115037,-0.42,1.34,-1.21,3.85,0.67,-1
2008-04-08,34.93,35.81,34.93,35.15,205484,0.22,0.88,0.63,2.5,0.44,-1
2008-04-07,35.84,36.92,35.01,35.28,56801,-0.56,1.91,-1.59,5.41,0.95,-1
2008-04-04,36.7,36.7,35.4,35.52,56369,-1.18,1.3,-3.32,3.66,0.65,-1
2008-04-03,36.17,36.84,36.1,36.59,48174,0.42,0.74,1.15,2.02,0.37,1
2008-04-02,36.11,37.0,36.07,36.46,88127,0.35,0.93,0.96,2.55,0.46,1
2008-04-01,35.91,36.4,35.82,36.19,65230,0.28,0.58,0.77,1.6,0.29,1
2008-03-31,34.53,35.75,34.51,35.52,67565,0.99,1.24,2.79,3.49,0.62,1
2008-03-28,34.57,35.05,34.45,34.61,89990,0.04,0.6,0.12,1.73,0.3,1
2008-03-27,35.95,35.95,34.4,34.45,88365,-1.5,1.55,-4.35,4.5,0.78,-1
2008-03-26,34.99,35.99,34.56,35.87,90291,0.88,1.43,2.45,3.99,0.71,1
2008-03-25,35.0,35.51,34.62,35.23,102427,0.23,0.89,0.65,2.53,0.45,1
2008-03-24,34.96,35.38,34.64,35.04,146959,0.08,0.74,0.23,2.11,0.37,1
2008-03-20,34.72,35.08,33.58,34.89,380172,0.17,1.5,0.49,4.3,0.75,1
2008-03-19,34.08,35.04,34.08,34.16,195723,0.08,0.96,0.23,2.81,0.48,1
2008-03-18,33.98,34.15,33.08,33.77,151568,-0.21,1.07,-0.62,3.17,0.54,1
2008-03-17,33.94,34.56,33.31,33.31,178281,-0.63,1.25,-1.89,3.77,0.63,-1
2008-03-14,35.39,35.4,33.82,34.25,158579,-1.14,1.58,-3.33,4.61,0.79,-1
2008-03-13,35.28,35.82,34.79,35.13,192928,-0.15,1.03,-0.43,2.93,0.52,-1
2008-03-12,36.71,36.93,35.32,35.45,176729,-1.26,1.61,-3.55,4.54,0.8,-1
2008-03-11,36.77,36.99,35.7,36.61,113010,-0.16,1.29,-0.44,3.52,0.64,1
2008-03-10,36.36,36.52,35.58,35.89,98130,-0.47,0.94,-1.31,2.62,0.47,-1
2008-03-07,36.33,37.02,35.94,36.3,81552,-0.03,1.08,-0.08,2.98,0.54,-1
2008-03-06,36.9,37.0,36.36,36.66,111633,-0.24,0.64,-0.65,1.75,0.32,-1
2008-03-05,38.01,38.01,36.95,37.07,134104,-0.94,1.06,-2.54,2.86,0.53,-1
2008-03-04,36.5,37.99,36.5,37.85,80311,1.35,1.49,3.57,3.94,0.75,1
2008-03-03,37.52,37.98,36.17,36.96,103630,-0.56,1.81,-1.52,4.9,0.9,-1
2008-02-29,37.41,37.99,37.05,37.42,154409,0.01,0.94,0.03,2.51,0.47,-1
2008-02-28,37.72,38.0,37.4,37.62,197109,-0.1,0.6,-0.27,1.59,0.3,-1
2008-02-27,37.32,38.43,37.3,37.95,57185,0.63,1.13,1.66,2.98,0.57,1
2008-02-26,37.3,38.56,37.3,37.61,79852,0.31,1.26,0.82,3.35,0.63,1
2008-02-25,37.47,37.97,37.1,37.57,64808,0.1,0.87,0.27,2.32,0.43,1
2008-02-22,37.5,37.58,36.84,37.53,139095,0.03,0.74,0.08,1.97,0.37,-1
2008-02-21,38.63,38.79,37.36,37.55,91552,-1.08,1.43,-2.88,3.81,0.71,-1
2008-02-20,37.87,38.34,37.43,38.34,88107,0.47,0.91,1.23,2.37,0.46,1
2008-02-19,38.74,38.74,37.6,38.06,87651,-0.68,1.14,-1.79,3.0,0.57,1
2008-02-15,38.26,38.69,37.65,38.04,80110,-0.22,1.04,-0.58,2.73,0.52,-1
2008-02-14,39.11,39.11,38.0,38.55,177432,-0.56,1.11,-1.45,2.88,0.55,-1
2008-02-13,39.89,40.05,39.23,40.04,85918,0.15,0.82,0.37,2.05,0.41,1
2008-02-12,39.43,39.43,38.41,39.23,67593,-0.2,1.02,-0.51,2.6,0.51,1
2008-02-11,40.26,40.74,38.9,39.15,49999,-1.11,1.84,-2.84,4.7,0.92,-1
2008-02-08,39.98,40.5,39.03,39.82,73068,-0.16,1.47,-0.4,3.69,0.73,-1
2008-02-07,39.81,40.51,39.56,40.0,111902,0.19,0.95,0.47,2.37,0.47,1
2008-02-06,40.58,40.97,39.96,39.96,100764,-0.62,1.01,-1.55,2.53,0.5,-1
2008-02-05,40.5,40.63,39.66,40.17,84887,-0.33,0.97,-0.82,2.4,0.48,-1
2008-02-04,41.32,41.99,40.83,41.0,68723,-0.32,1.16,-0.78,2.83,0.58,-1
2008-02-01,40.92,41.51,40.51,41.35,95979,0.43,1.0,1.04,2.42,0.5,1
2008-01-31,39.01,40.85,38.86,40.84,117100,1.83,1.99,4.48,4.87,1.0,1
2008-01-30,39.65,40.09,39.25,39.25,121495,-0.4,0.84,-1.02,2.14,0.42,-1
2008-01-29,40.06,40.19,39.25,39.97,168826,-0.09,0.94,-0.23,2.35,0.47,1
2008-01-28,39.9,40.5,39.66,39.8,152226,-0.1,0.84,-0.25,2.11,0.42,-1
2008-01-25,40.88,40.88,39.92,40.07,67013,-0.81,0.96,-2.02,2.4,0.48,-1
2008-01-24,40.93,40.99,40.32,40.42,192449,-0.51,0.67,-1.26,1.66,0.34,-1
2008-01-23,38.64,40.9,38.64,40.77,217060,2.13,2.26,5.22,5.54,1.13,1
2008-01-22,38.3,40.32,38.07,39.36,145177,1.06,2.25,2.69,5.72,1.12,1
2008-01-18,39.9,40.92,38.55,38.94,215188,-0.96,2.37,-2.47,6.09,1.19,-1
2008-01-17,40.97,41.1,39.63,40.15,90078,-0.82,1.47,-2.04,3.66,0.73,-1
2008-01-16,39.79,40.99,39.77,40.92,106661,1.13,1.22,2.76,2.98,0.61,1
2008-01-15,39.54,40.23,38.95,39.82,159338,0.28,1.28,0.7,3.21,0.64,-1
2008-01-14,39.46,40.22,39.23,39.99,76541,0.53,0.99,1.33,2.48,0.5,1
2008-01-11,40.13,40.43,38.98,39.1,93818,-1.03,1.45,-2.63,3.71,0.73,-1
2008-01-10,39.32,40.78,39.16,40.54,98928,1.22,1.62,3.01,4.0,0.81,1
2008-01-09,39.1,39.91,38.81,39.7,133245,0.6,1.1,1.51,2.77,0.55,1
2008-01-08,40.47,40.56,38.9,39.11,179201,-1.36,1.66,-3.48,4.24,0.83,-1
2008-01-07,39.97,40.92,39.68,40.36,103407,0.39,1.24,0.97,3.07,0.62,1
2008-01-04,39.8,39.96,39.6,39.85,90459,0.05,0.36,0.13,0.9,0.18,-1
2008-01-03,41.5,41.51,40.0,40.0,88088,-1.5,1.51,-3.75,3.77,0.75,-1
2008-01-02,41.98,42.06,40.77,41.33,86146,-0.65,1.29,-1.57,3.12,0.64,-1
2007-12-31,42.08,42.43,40.64,42.13,190864,0.05,1.79,0.12,4.25,0.89,-1
2007-12-28,42.45,42.52,42.01,42.33,93823,-0.12,0.51,-0.28,1.2,0.26,1
2007-12-27,42.23,42.73,41.97,42.32,94734,0.09,0.76,0.21,1.8,0.38,1
2007-12-26,42.2,42.45,42.01,42.18,87519,-0.02,0.44,-0.05,1.04,0.22,-1
2007-12-24,41.97,42.24,41.91,42.2,56542,0.23,0.33,0.55,0.78,0.17,1
2007-12-21,41.29,42.49,41.29,42.0,349556,0.71,1.2,1.69,2.86,0.6,1
2007-12-20,40.0,40.87,39.82,40.79,532779,0.79,1.05,1.94,2.57,0.52,1
2007-12-19,39.58,39.92,39.31,39.73,79859,0.15,0.61,0.38,1.54,0.3,-1
2007-12-18,39.6,39.99,38.83,39.79,150687,0.19,1.16,0.48,2.92,0.58,1
2007-12-17,39.25,39.65,39.05,39.2,166360,-0.05,0.6,-0.13,1.53,0.3,-1
2007-12-14,39.15,39.86,39.01,39.5,109322,0.35,0.85,0.89,2.15,0.43,-1
2007-12-13,39.15,39.75,39.05,39.75,214539,0.6,0.7,1.51,1.76,0.35,1
2007-12-12,39.58,40.0,39.21,39.41,93983,-0.17,0.79,-0.43,2.0,0.39,1
2007-12-11,39.39,39.46,39.14,39.29,123656,-0.1,0.32,-0.25,0.81,0.16,1
2007-12-10,38.95,39.46,38.89,39.27,193028,0.32,0.57,0.81,1.45,0.29,1
2007-12-07,39.86,39.99,38.92,39.21,94115,-0.65,1.07,-1.66,2.73,0.54,-1
2007-12-06,38.32,39.95,38.13,39.67,110339,1.35,1.82,3.4,4.59,0.91,1
2007-12-05,39.1,39.26,38.1,38.32,57622,-0.78,1.16,-2.04,3.03,0.58,-1
2007-12-04,38.52,38.92,38.06,38.6,71757,0.08,0.86,0.21,2.23,0.43,1
2007-12-03,39.5,39.74,38.51,38.57,114857,-0.93,1.23,-2.41,3.19,0.62,-1
2007-11-30,39.46,39.79,39.07,39.51,175804,0.05,0.72,0.13,1.82,0.36,1
2007-11-29,38.4,39.21,38.22,38.99,91288,0.59,0.99,1.51,2.54,0.49,1
2007-11-28,38.2,39.25,37.78,38.42,108887,0.22,1.47,0.57,3.83,0.73,1
2007-11-27,38.04,38.57,37.49,37.75,130504,-0.29,1.08,-0.77,2.86,0.54,-1
2007-11-26,39.78,40.09,37.96,38.0,72439,-1.78,2.13,-4.68,5.61,1.07,-1
2007-11-23,39.56,40.1,39.18,39.81,17561,0.25,0.92,0.63,2.31,0.46,1
2007-11-21,39.42,39.79,38.89,39.24,53622,-0.18,0.9,-0.46,2.29,0.45,-1
2007-11-20,39.83,40.4,38.87,39.42,125741,-0.41,1.53,-1.04,3.88,0.77,-1
2007-11-19,40.61,40.75,39.3,40.05,116209,-0.56,1.45,-1.4,3.62,0.73,-1
2007-11-16,41.07,41.15,40.41,41.14,102910,0.07,0.74,0.17,1.8,0.37,1
2007-11-15,41.36,41.52,40.54,41.08,101523,-0.28,0.98,-0.68,2.39,0.49,-1
2007-11-14,41.97,41.97,41.12,41.64,101045,-0.33,0.85,-0.79,2.04,0.43,-1
2007-11-13,40.53,41.99,40.53,41.74,135871,1.21,1.46,2.9,3.5,0.73,1
2007-11-12,39.19,40.63,39.18,40.54,144137,1.35,1.45,3.33,3.58,0.73,1
2007-11-09,39.35,39.8,38.65,39.39,158703,0.04,1.15,0.1,2.92,0.57,-1
2007-11-08,39.92,39.92,39.36,39.52,268565,-0.4,0.56,-1.01,1.42,0.28,-1
2007-11-07,39.85,40.87,39.18,39.65,197972,-0.2,1.69,-0.5,4.26,0.84,-1
2007-11-06,40.83,41.25,40.34,41.18,85230,0.35,0.91,0.85,2.21,0.45,1
2007-11-05,40.15,40.36,39.06,40.03,80293,-0.12,1.3,-0.3,3.25,0.65,-1
2007-11-02,40.75,41.6,40.28,40.55,60204,-0.2,1.32,-0.49,3.26,0.66,-1
2007-11-01,42.2,42.2,40.55,40.73,150554,-1.47,1.65,-3.61,4.05,0.83,-1
2007-10-31,41.79,43.01,41.72,42.61,111002,0.82,1.29,1.92,3.03,0.64,1
2007-10-30,42.2,42.2,41.39,41.71,73380,-0.49,0.81,-1.17,1.94,0.41,-1
2007-10-29,42.48,42.77,41.55,42.3,62931,-0.18,1.22,-0.43,2.88,0.61,-1
2007-10-26,42.14,42.74,41.96,42.43,56613,0.29,0.78,0.68,1.84,0.39,1
2007-10-25,42.64,42.96,41.65,41.73,129097,-0.91,1.31,-2.18,3.14,0.66,-1
2007-10-24,42.35,42.8,42.05,42.41,71771,0.06,0.75,0.14,1.77,0.38,-1
2007-10-23,42.86,43.0,42.38,42.55,99699,-0.31,0.62,-0.73,1.46,0.31,-1
2007-10-22,43.01,43.1,42.46,42.84,79105,-0.17,0.64,-0.4,1.49,0.32,-1
2007-10-19,44.66,44.68,43.01,43.18,94780,-1.48,1.67,-3.43,3.87,0.84,-1
2007-10-18,44.25,44.66,43.51,44.66,51151,0.41,1.15,0.92,2.58,0.57,1
2007-10-17,45.05,45.05,44.25,44.43,151420,-0.62,0.8,-1.4,1.8,0.4,-1
2007-10-16,44.93,45.02,44.65,44.88,88725,-0.05,0.37,-0.11,0.82,0.19,-1
2007-10-15,45.35,45.84,44.6,44.96,96682,-0.39,1.24,-0.87,2.76,0.62,-1
2007-10-12,44.37,45.5,44.3,45.41,113013,1.04,1.2,2.29,2.64,0.6,1
2007-10-11,45.01,45.1,44.27,44.4,125885,-0.61,0.83,-1.37,1.87,0.41,-1
2007-10-10,44.9,45.05,44.75,44.96,78508,0.06,0.3,0.13,0.67,0.15,1
2007-10-09,44.91,45.15,44.57,44.85,74273,-0.06,0.58,-0.13,1.29,0.29,-1
2007-10-08,44.6,45.06,44.6,45.06,79323,0.46,0.46,1.02,1.02,0.23,1
2007-10-05,44.46,44.92,44.28,44.73,105176,0.27,0.64,0.6,1.43,0.32,1
2007-10-04,44.31,44.32,43.9,44.26,76165,-0.05,0.42,-0.11,0.95,0.21,1
2007-10-03,44.1,44.31,44.0,44.05,202429,-0.05,0.31,-0.11,0.7,0.16,-1
2007-10-02,43.8,44.39,43.8,44.2,131016,0.4,0.59,0.9,1.33,0.3,1
2007-10-01,43.52,44.62,43.48,43.92,145925,0.4,1.14,0.91,2.6,0.57,1
2007-09-28,44.1,44.1,43.31,43.51,78876,-0.59,0.79,-1.36,1.82,0.39,-1
2007-09-27,43.23,44.1,43.17,44.1,28913,0.87,0.93,1.97,2.11,0.46,1
2007-09-26,43.37,43.62,42.93,42.95,99395,-0.42,0.69,-0.98,1.61,0.34,1
2007-09-25,41.23,41.23,41.23,41.23,0,0.0,0.0,0.0,0.0,0.0,-1
2007-09-24,41.23,41.23,41.23,41.23,0,0.0,0.0,0.0,0.0,0.0,-1
2007-09-21,41.23,41.23,41.23,41.23,0,0.0,0.0,0.0,0.0,0.0,-1
2007-09-20,41.23,41.23,41.23,41.23,0,0.0,0.0,0.0,0.0,0.0,-1
2007-09-19,41.23,41.23,41.23,41.23,0,0.0,0.0,0.0,0.0,0.0,-1
2007-09-18,41.23,41.23,41.23,41.23,0,0.0,0.0,0.0,0.0,0.0,-1
2007-09-17,41.23,41.23,41.23,41.23,0,0.0,0.0,0.0,0.0,0.0,-1
2007-09-14,41.23,41.23,41.23,41.23,0,0.0,0.0,0.0,0.0,0.0,-1
2007-09-13,41.23,41.23,41.23,41.23,0,0.0,0.0,0.0,0.0,0.0,-1
2007-09-12,41.23,41.23,41.23,41.23,0,0.0,0.0,0.0,0.0,0.0,-1
2007-09-11,41.23,41.23,41.23,41.23,0,0.0,0.0,0.0,0.0,0.0,-1
2007-09-10,41.23,41.23,41.23,41.23,0,0.0,0.0,0.0,0.0,0.0,-1
2007-09-07,41.23,41.23,41.23,41.23,0,0.0,0.0,0.0,0.0,0.0,-1
2007-09-06,41.23,41.23,41.23,41.23,0,0.0,0.0,0.0,0.0,0.0,-1
2007-09-05,41.23,41.23,41.23,41.23,0,0.0,0.0,0.0,0.0,0.0,-1
2007-09-04,40.72,41.26,40.18,41.23,161661,0.51,1.08,1.24,2.62,0.54,1
2007-08-31,40.62,41.85,40.62,40.78,294113,0.16,1.23,0.39,3.02,0.62,-1
2007-08-30,40.63,41.25,40.55,40.92,126101,0.29,0.7,0.71,1.71,0.35,1
2007-08-29,40.9,41.45,40.35,40.8,134307,-0.1,1.1,-0.25,2.7,0.55,1
2007-08-28,41.2,41.37,40.36,40.75,179337,-0.45,1.01,-1.1,2.48,0.5,-1
2007-08-27,40.83,41.57,40.57,41.39,99342,0.56,1.0,1.35,2.42,0.5,1
2007-08-24,41.2,41.34,40.58,40.88,56450,-0.32,0.76,-0.78,1.86,0.38,-1
2007-08-23,41.3,41.71,41.2,41.23,62439,-0.07,0.51,-0.17,1.24,0.25,-1
2007-08-22,41.95,42.23,41.5,41.7,121162,-0.25,0.73,-0.6,1.75,0.36,1
2007-08-21,41.44,41.99,41.32,41.45,226953,0.01,0.67,0.02,1.62,0.34,-1
2007-08-20,42.05,43.29,41.7,42.0,147624,-0.05,1.59,-0.12,3.79,0.79,-1
2007-08-17,44.0,44.0,41.5,42.18,152941,-1.82,2.5,-4.31,5.93,1.25,1
2007-08-16,41.5,43.74,39.8,41.6,219821,0.1,3.94,0.24,9.47,1.97,-1
2007-08-15,43.72,44.01,42.0,42.13,100163,-1.59,2.01,-3.77,4.77,1.0,-1
2007-08-14,44.2,44.2,43.5,43.74,81328,-0.46,0.7,-1.05,1.6,0.35,-1
2007-08-13,41.82,44.65,41.82,43.91,129410,2.09,2.83,4.76,6.45,1.41,1
2007-08-10,42.25,44.66,41.16,42.71,260250,0.46,3.5,1.08,8.19,1.75,-1
2007-08-09,43.0,43.28,39.0,43.0,282473,0.0,4.28,0.0,9.95,2.14,1
2007-08-08,42.25,48.6,40.1,41.5,298499,-0.75,8.5,-1.81,20.48,4.25,1
2007-08-07,40.0,41.99,40.0,40.05,215226,0.05,1.99,0.12,4.97,1.0,-1
